symbol,side,entry_price,exit_price,quantity,stop,target,risk_usdt,gross_pnl,fee_usdt,pnl,result,close_reason,opened_at,closed_at,balance_after
BTCUSDT,SHORT,88028.1,87308.4550600499,0.13895741420336147,88387.92246997506,87308.4550600499,50.0,100.0,24.36431431,75.63568569,WIN,TAKE_PROFIT,2026-07-26T11:58:41.092538+00:00,2026-07-26T11:58:41.093826+00:00,10075.63568569
BTCUSDT,SHORT,86978.7,86245.72127522044,0.13746150256571607,87345.18936238978,86245.72127522044,50.37817842845,100.75635686,23.81168923,76.94466763,WIN,TAKE_PROFIT,2026-07-26T11:58:41.094362+00:00,2026-07-26T11:58:41.094535+00:00,10152.58035332
BTCUSDT,SHORT,85301.1,84248.96975556185,0.09649547104067453,85827.16512221908,84248.96975556185,50.762901766599995,101.52580353,16.36081385,85.16498969,WIN,TAKE_PROFIT,2026-07-26T11:58:41.095141+00:00,2026-07-26T11:58:41.095695+00:00,10237.74534301
SOLUSDT,SHORT,117.92,119.38930274624073,34.838787884946555,119.38930274624073,114.98139450751856,51.188726715049995,-51.18872672,8.26756846,-59.45629518,LOSS,STOP_LOSS,2026-07-26T11:58:41.096314+00:00,2026-07-26T11:58:41.096611+00:00,10178.28904783
ETHUSDT,SHORT,2838.8,2779.1224854338107,1.705548416655502,2868.638757283095,2779.1224854338107,50.891445239149995,101.78289048,9.5816388,92.20125168,WIN,TAKE_PROFIT,2026-07-26T11:58:41.097211+00:00,2026-07-26T11:58:41.097604+00:00,10270.49029951
ETHUSDT,SHORT,2802.8,2739.266317873832,1.6165425890340182,2834.566841063084,2739.266317873832,51.35245149755,102.704903,8.95898623,93.74591676,WIN,TAKE_PROFIT,2026-07-26T11:58:41.098292+00:00,2026-07-26T11:58:41.099624+00:00,10364.23621627
BTCUSDT,SHORT,81988.5,82723.97338183702,0.07045962826270408,82723.97338183702,80517.55323632597,51.821181081350005,-51.82118108,11.60557964,-63.42676073,LOSS,STOP_LOSS,2026-07-26T11:58:41.100285+00:00,2026-07-26T11:58:41.100829+00:00,10300.80945554
BTCUSDT,SHORT,82983.6,83708.31539473559,0.07106796357829795,83708.31539473559,81534.16921052885,51.5040472777,-51.50404728,11.84645497,-63.35050225,LOSS,STOP_LOSS,2026-07-26T11:58:41.101727+00:00,2026-07-26T11:58:41.103749+00:00,10237.45895329
ETHUSDT,SHORT,2736.37,2681.9893645294087,1.8825559621910628,2763.5603177352955,2681.9893645294087,51.18729476645,102.37458953,10.20036473,92.17422481,WIN,TAKE_PROFIT,2026-07-26T11:58:41.104734+00:00,2026-07-26T11:58:41.105754+00:00,10329.6331781
BTCUSDT,SHORT,82468.3,83287.66531857589,0.06303435686082963,83287.66531857589,80829.56936284823,51.6481658905,-51.64816589,10.44832067,-62.09648656,LOSS,STOP_LOSS,2026-07-26T11:58:41.106753+00:00,2026-07-26T11:58:41.107027+00:00,10267.53669154
BTCUSDT,LONG,83897.3,82968.14061816671,0.05525175170314415,82968.14061816671,85755.61876366659,51.3376834577,-51.33768346,9.21960789,-60.55729135,LOSS,STOP_LOSS,2026-07-26T11:58:41.107941+00:00,2026-07-26T11:58:41.110268+00:00,10206.97940019
BTCUSDT,SHORT,82754.4,83094.46935715452,0.1500720248009861,83094.46935715452,82074.26128569094,51.034897000950004,-51.034897,24.88927564,-75.92417264,LOSS,STOP_LOSS,2026-07-26T11:58:41.111284+00:00,2026-07-26T11:58:41.111587+00:00,10131.05522755
BTCUSDT,SHORT,83031.1,82287.38547957016,0.1362223669062508,83402.95726021493,82287.38547957016,50.65527613775001,101.31055228,22.52007539,78.79047689,WIN,TAKE_PROFIT,2026-07-26T11:58:41.112560+00:00,2026-07-26T11:58:41.113733+00:00,10209.84570444
BTCUSDT,SHORT,81568.6,82055.78095294164,0.10478494328228886,82055.78095294164,80594.23809411675,51.04922852220001,-51.04922852,17.14537148,-68.1946,LOSS,STOP_LOSS,2026-07-26T11:58:41.114783+00:00,2026-07-26T11:58:41.115275+00:00,10141.65110444
BTCUSDT,SHORT,81078.5,79583.66722412923,0.06784471994556247,81825.91638793539,79583.66722412923,50.708255522200005,101.41651104,10.90007974,90.5164313,WIN,TAKE_PROFIT,2026-07-26T11:58:41.116305+00:00,2026-07-26T11:58:41.116620+00:00,10232.16753574
BTCUSDT,SHORT,78817.1,76826.24274468365,0.05139578695768465,79812.52862765818,76826.24274468365,51.160837678700005,102.32167536,7.99941209,94.32226327,WIN,TAKE_PROFIT,2026-07-26T11:58:41.117741+00:00,2026-07-26T11:58:41.118200+00:00,10326.48979901
BTCUSDT,SHORT,77518.8,78784.481457395,0.04079418932257949,78784.481457395,74987.43708521,51.632448995050005,-51.632449,6.37626566,-58.00871465,LOSS,STOP_LOSS,2026-07-26T11:58:41.119552+00:00,2026-07-26T11:58:41.120765+00:00,10268.48108436
BTCUSDT,SHORT,78310.9,79146.59529282188,0.06143675315967423,79146.59529282188,76639.50941435622,51.34240542180001,-51.34240542,9.67367727,-61.01608269,LOSS,STOP_LOSS,2026-07-26T11:58:41.122090+00:00,2026-07-26T11:58:41.123965+00:00,10207.46500167
BTCUSDT,SHORT,78334.0,78821.10419132053,0.10477701879343068,78821.10419132053,77359.79161735895,51.03732500835002,-51.03732501,16.46624331,-67.50356831,LOSS,STOP_LOSS,2026-07-26T11:58:41.125267+00:00,2026-07-26T11:58:41.125647+00:00,10139.96143336
ETHUSDT,SHORT,2410.65,2355.771580690397,1.8477138301222298,2438.0892096548014,2355.771580690397,50.69980716680002,101.39961433,8.80698307,92.59263126,WIN,TAKE_PROFIT,2026-07-26T11:58:41.126872+00:00,2026-07-26T11:58:41.127524+00:00,10232.55406462
BTCUSDT,SHORT,77812.9,78278.40578730352,0.10990791461361657,78278.40578730352,76881.88842539294,51.16277032310002,-51.16277032,17.15566991,-68.31844023,LOSS,STOP_LOSS,2026-07-26T11:58:41.128673+00:00,2026-07-26T11:58:41.128945+00:00,10164.23562439
BTCUSDT,SHORT,78179.4,77041.01042801738,0.08928609216516335,78748.5947859913,77041.01042801738,50.82117812195003,101.64235624,13.85902387,87.78333237,WIN,TAKE_PROFIT,2026-07-26T11:58:41.130066+00:00,2026-07-26T11:58:41.130288+00:00,10252.01895676
BTCUSDT,SHORT,76961.7,77609.62713690066,0.07911398036050887,77609.62713690066,75665.84572619866,51.26009478380002,-51.26009478,12.22875294,-63.48884772,LOSS,STOP_LOSS,2026-07-26T11:58:41.131917+00:00,2026-07-26T11:58:41.132207+00:00,10188.53010904
BTCUSDT,SHORT,77563.8,78261.3718680419,0.07302853351611956,78261.3718680419,76168.6562639162,50.942650545200024,-50.94265055,11.37968379,-62.32233433,LOSS,STOP_LOSS,2026-07-26T11:58:41.133515+00:00,2026-07-26T11:58:41.134173+00:00,10126.20777471
BTCUSDT,SHORT,77705.2,76393.3059590874,0.07718769549151919,78361.1470204563,76393.3059590874,50.631038873550025,101.26207775,11.89450855,89.36756919,WIN,TAKE_PROFIT,2026-07-26T11:58:41.135595+00:00,2026-07-26T11:58:41.136223+00:00,10215.5753439
BTCUSDT,SHORT,76489.0,77236.38831861551,0.06834181836574299,77236.38831861551,74994.22336276896,51.077876719500026,-51.07787672,10.50587257,-61.58374929,LOSS,STOP_LOSS,2026-07-26T11:58:41.137567+00:00,2026-07-26T11:58:41.137788+00:00,10153.99159461
BTCUSDT,SHORT,77158.9,78024.34298901031,0.0586635499018924,78024.34298901031,75428.01402197935,50.76995797305003,-50.76995797,9.10359992,-59.87355789,LOSS,STOP_LOSS,2026-07-26T11:58:41.139127+00:00,2026-07-26T11:58:41.139703+00:00,10094.11803672
ETHUSDT,SHORT,2291.44,2190.022271004397,0.9953011309450288,2342.1488644978017,2190.022271004397,50.47059018360003,100.94118037,4.46040447,96.4807759,WIN,TAKE_PROFIT,2026-07-26T11:58:41.141027+00:00,2026-07-26T11:58:41.141830+00:00,10190.59881262
BTCUSDT,SHORT,75045.8,76053.21460105701,0.050577978530029634,76053.21460105701,73030.97079788598,50.95299406310003,-50.95299406,7.64228272,-58.59527678,LOSS,STOP_LOSS,2026-07-26T11:58:41.143231+00:00,2026-07-26T11:58:41.143550+00:00,10132.00353584
BTCUSDT,SHORT,76256.2,77388.7562121359,0.04473068721565703,77388.7562121359,73991.0875757282,50.660017679200024,-50.66001768,6.87264448,-57.53266216,LOSS,STOP_LOSS,2026-07-26T11:58:41.144916+00:00,2026-07-26T11:58:41.146123+00:00,10074.47087368
ETHUSDT,LONG,2307.61,2374.8713491943,1.4978098111855584,2273.97932540285,2374.8713491943,50.37235436840003,100.74470874,7.01346651,93.73124223,WIN,TAKE_PROFIT,2026-07-26T11:58:41.147650+00:00,2026-07-26T11:58:41.148303+00:00,10168.20211591
BTCUSDT,LONG,78567.2,77751.64365173751,0.0623390531970785,77751.64365173751,80198.31269652497,50.84101057955003,-50.84101058,9.74476871,-60.58577929,LOSS,STOP_LOSS,2026-07-26T11:58:41.149729+00:00,2026-07-26T11:58:41.151819+00:00,10107.61633662
BTCUSDT,SHORT,77774.8,78284.89433370302,0.09907595192485294,78284.89433370302,76754.61133259397,50.538081683100025,-50.53808168,15.46176277,-65.99984446,LOSS,STOP_LOSS,2026-07-26T11:58:41.153417+00:00,2026-07-26T11:58:41.153783+00:00,10041.61649216
ETHUSDT,SHORT,2327.23,2352.570691482922,1.9813225102652448,2352.570691482922,2276.548617034156,50.20808246080002,-50.20808246,9.27219445,-59.48027691,LOSS,STOP_LOSS,2026-07-26T11:58:41.155384+00:00,2026-07-26T11:58:41.155772+00:00,9982.13621525
BTCUSDT,LONG,78949.2,78397.40741635277,0.09045188818296786,78397.40741635277,80052.78516729445,49.91068107625002,-49.91068108,14.23229774,-64.14297882,LOSS,STOP_LOSS,2026-07-26T11:58:41.157235+00:00,2026-07-26T11:58:41.157704+00:00,9917.99323643
ETHUSDT,SHORT,2322.11,2272.725557185827,2.0083234053586514,2346.8022214070866,2272.725557185827,49.58996618215002,99.17993236,9.22791579,89.95201657,WIN,TAKE_PROFIT,2026-07-26T11:58:41.159350+00:00,2026-07-26T11:58:41.160129+00:00,10007.945253
ETHUSDT,SHORT,2272.44,2299.5803699611224,1.8437378096422543,2299.5803699611224,2218.1592600777553,50.03972626500002,-50.03972627,8.42960682,-58.46933309,LOSS,STOP_LOSS,2026-07-26T11:58:41.161759+00:00,2026-07-26T11:58:41.162617+00:00,9949.47591991
SOLUSDT,SHORT,103.05,101.45459063943375,62.36315371986204,103.84770468028313,101.45459063943375,49.747379599550015,99.4947592,12.75355122,86.74120798,WIN,TAKE_PROFIT,2026-07-26T11:58:41.164277+00:00,2026-07-26T11:58:41.164837+00:00,10036.21712789
BTCUSDT,SHORT,77164.5,77701.4981390988,0.0934474106812824,77701.4981390988,76090.5037218024,50.18108563945001,-50.18108564,14.47182653,-64.65291217,LOSS,STOP_LOSS,2026-07-26T11:58:41.166461+00:00,2026-07-26T11:58:41.166820+00:00,9971.56421572
BTCUSDT,SHORT,77700.0,76423.60269890104,0.07812273033744804,78338.19865054947,76423.60269890104,49.85782107860001,99.71564216,12.04055665,87.6750855,WIN,TAKE_PROFIT,2026-07-26T11:58:41.168557+00:00,2026-07-26T11:58:41.169035+00:00,10059.23930122
ETHUSDT,SHORT,2221.12,2151.5045080153595,1.4449713726708184,2255.92774599232,2151.5045080153595,50.2961965061,100.59239301,6.31831724,94.27407577,WIN,TAKE_PROFIT,2026-07-26T11:58:41.170916+00:00,2026-07-26T11:58:41.171378+00:00,10153.51337699
BTCUSDT,SHORT,74071.0,74931.32987607007,0.05900941987142564,74931.32987607007,72350.34024785987,50.76756688495,-50.76756688,8.79254105,-59.56010793,LOSS,STOP_LOSS,2026-07-26T11:58:41.173007+00:00,2026-07-26T11:58:41.173474+00:00,10093.95326906
BTCUSDT,SHORT,74898.2,75957.86007237705,0.047628260855469305,75957.86007237705,72778.87985524588,50.4697663453,-50.46976635,7.18501178,-57.65477813,LOSS,STOP_LOSS,2026-07-26T11:58:41.175262+00:00,2026-07-26T11:58:41.175747+00:00,10036.29849093
BTCUSDT,SHORT,75803.5,76780.4899114017,0.051363368105463846,76780.4899114017,73849.5201771966,50.181492454650005,-50.18149245,7.83722764,-58.0187201,LOSS,STOP_LOSS,2026-07-26T11:58:41.177698+00:00,2026-07-26T11:58:41.178506+00:00,9978.27977083
SOLUSDT,SHORT,98.7,96.03715279646767,37.47222055247303,100.03142360176618,96.03715279646767,49.891398854150005,99.78279771,7.29723354,92.48556417,WIN,TAKE_PROFIT,2026-07-26T11:58:41.180400+00:00,2026-07-26T11:58:41.182161+00:00,10070.765335
BTCUSDT,SHORT,75785.0,76203.33682404779,0.12036670878690911,76203.33682404779,74948.32635190443,50.353826675,-50.35382668,18.29433588,-68.64816255,LOSS,STOP_LOSS,2026-07-26T11:58:41.184085+00:00,2026-07-26T11:58:41.184422+00:00,10002.11717245
SOLUSDT,SHORT,96.18,93.75911683923455,41.31598473875717,97.39044158038274,93.75911683923455,50.01058586225,100.02117172,7.84752165,92.17365007,WIN,TAKE_PROFIT,2026-07-26T11:58:41.186259+00:00,2026-07-26T11:58:41.187025+00:00,10094.29082252
BTCUSDT,SHORT,75313.9,74300.54513848676,0.09961259580327363,75820.57743075662,74300.54513848676,50.47145411260001,100.94290823,14.90348325,86.03942498,WIN,TAKE_PROFIT,2026-07-26T11:58:41.188815+00:00,2026-07-26T11:58:41.189110+00:00,10180.3302475
BTCUSDT,SHORT,74328.9,75018.19829277415,0.07384560758541957,75018.19829277415,72950.30341445169,50.9016512375,-50.90165124,11.02862721,-61.93027845,LOSS,STOP_LOSS,2026-07-26T11:58:41.191152+00:00,2026-07-26T11:58:41.191473+00:00,10118.39996905
BTCUSDT,SHORT,74821.5,73270.36745627657,0.06523233626935052,75597.06627186171,73270.36745627657,50.59199984525,101.18399969,9.6603785,91.52362119,WIN,TAKE_PROFIT,2026-07-26T11:58:41.193404+00:00,2026-07-26T11:58:41.193907+00:00,10209.92359024
BTCUSDT,SHORT,73074.7,74047.23725669397,0.05249116946402318,74047.23725669397,71129.62548661203,51.0496179512,-51.04961795,7.72260254,-58.77222049,LOSS,STOP_LOSS,2026-07-26T11:58:41.196195+00:00,2026-07-26T11:58:41.196851+00:00,10151.15136975
BTCUSDT,SHORT,73961.9,71613.76559031205,0.04323070829279762,75135.96720484397,71613.76559031205,50.755756848749996,101.5115137,6.29333913,95.21817456,WIN,TAKE_PROFIT,2026-07-26T11:58:41.199117+00:00,2026-07-26T11:58:41.200694+00:00,10246.36954431
BTCUSDT,SHORT,72294.3,70388.96118542063,0.053777152209918196,73246.96940728968,70388.96118542063,51.23184772155,102.46369544,7.67309945,94.79059599,WIN,TAKE_PROFIT,2026-07-26T11:58:41.202653+00:00,2026-07-26T11:58:41.203364+00:00,10341.1601403
ETHUSDT,SHORT,2093.48,2134.4980114803557,1.2605633192692234,2134.4980114803557,2011.4439770392892,51.705800701499996,-51.7058007,5.329634,-57.0354347,LOSS,STOP_LOSS,2026-07-26T11:58:41.205259+00:00,2026-07-26T11:58:41.206070+00:00,10284.1247056
BTCUSDT,SHORT,71327.4,69886.4790035996,0.07137188458833645,72047.8604982002,69886.4790035996,51.42062352799999,102.84124706,10.07870067,92.76254638,WIN,TAKE_PROFIT,2026-07-26T11:58:41.208040+00:00,2026-07-26T11:58:41.208460+00:00,10376.88725198
BTCUSDT,SHORT,70445.4,68801.8095096264,0.06313547877501616,71267.19524518678,68801.8095096264,51.88443625989999,103.76887252,8.79143924,94.97743328,WIN,TAKE_PROFIT,2026-07-26T11:58:41.210354+00:00,2026-07-26T11:58:41.211146+00:00,10471.86468526
BTCUSDT,SHORT,67963.4,65837.8419005259,0.04926642413515292,69026.17904973704,65837.8419005259,52.359323426299994,104.71864685,6.59190873,98.12673812,WIN,TAKE_PROFIT,2026-07-26T11:58:41.213031+00:00,2026-07-26T11:58:41.213813+00:00,10569.99142338
ETHUSDT,SHORT,1935.63,1829.740519400845,0.9982097715062668,1988.5747402995778,1829.740519400845,52.84995711689999,105.69991423,3.75862965,101.94128459,WIN,TAKE_PROFIT,2026-07-26T11:58:41.215822+00:00,2026-07-26T11:58:41.216422+00:00,10671.93270797
SOLUSDT,SHORT,78.77,81.26647738060616,21.37398237787917,81.26647738060616,73.77704523878768,53.35966353985,-53.35966354,3.42061685,-56.78028039,LOSS,STOP_LOSS,2026-07-26T11:58:41.218454+00:00,2026-07-26T11:58:41.219065+00:00,10615.15242758
BTCUSDT,SHORT,64536.3,61388.58936911531,0.03372340622237096,66110.15531544235,61388.58936911531,53.0757621379,106.15152428,4.2466162,101.90490808,WIN,TAKE_PROFIT,2026-07-26T11:58:41.221170+00:00,2026-07-26T11:58:41.221578+00:00,10717.05733566
BTCUSDT,SHORT,60199.1,61940.65369024231,0.030768667643455927,61940.65369024231,56715.99261951537,53.5852866783,-53.58528668,3.75807749,-57.34336417,LOSS,STOP_LOSS,2026-07-26T11:58:41.223672+00:00,2026-07-26T11:58:41.223935+00:00,10659.71397149
BTCUSDT,SHORT,62915.8,64838.80573291302,0.02771628235174942,64838.80573291302,59069.78853417397,53.298569857450005,-53.29856986,3.54088272,-56.83945258,LOSS,STOP_LOSS,2026-07-26T11:58:41.226078+00:00,2026-07-26T11:58:41.226373+00:00,10602.87451891
SOLUSDT,SHORT,76.42,80.2079840417652,13.995405474265258,80.2079840417652,68.84403191646962,53.014372594550004,-53.01437259,2.19207215,-55.20644474,LOSS,STOP_LOSS,2026-07-26T11:58:41.228436+00:00,2026-07-26T11:58:41.228792+00:00,10547.66807417
SOLUSDT,SHORT,77.94,81.44339929240044,15.053476914621083,81.44339929240044,70.9332014151991,52.738340370850004,-52.73834037,2.39927432,-55.13761469,LOSS,STOP_LOSS,2026-07-26T11:58:41.230959+00:00,2026-07-26T11:58:41.231852+00:00,10492.53045948
BTCUSDT,SHORT,65034.4,66257.85579685326,0.04288070924371328,66257.85579685326,62587.48840629349,52.4626522974,-52.4626523,5.62990505,-58.09255734,LOSS,STOP_LOSS,2026-07-26T11:58:41.233998+00:00,2026-07-26T11:58:41.235077+00:00,10434.43790214
BTCUSDT,LONG,66270.9,67801.91863214955,0.06815356575700227,65505.390683925216,67801.91863214955,52.1721895107,104.34437902,9.13754066,95.20683836,WIN,TAKE_PROFIT,2026-07-26T11:58:41.237223+00:00,2026-07-26T11:58:41.238018+00:00,10529.6447405
ETHUSDT,LONG,1971.92,2034.1434808902418,1.6922301018603632,1940.8082595548792,2034.1434808902418,52.6482237025,105.29644741,6.77918121,98.51726619,WIN,TAKE_PROFIT,2026-07-26T11:58:41.240508+00:00,2026-07-26T11:58:41.240882+00:00,10628.16200669
ETHUSDT,LONG,2067.5,2031.6495721445685,1.482292212738512,2031.6495721445685,2139.200855710863,53.140810033449995,-53.14081003,6.07613749,-59.21694752,LOSS,STOP_LOSS,2026-07-26T11:58:41.243799+00:00,2026-07-26T11:58:41.245931+00:00,10568.94505917
BTCUSDT,SHORT,67977.3,68840.35799093678,0.06122963445189932,68840.35799093678,66251.18401812643,52.84472529585,-52.8447253,8.37729519,-61.22202048,LOSS,STOP_LOSS,2026-07-26T11:58:41.248736+00:00,2026-07-26T11:58:41.249776+00:00,10507.72303869
ETHUSDT,SHORT,2029.48,2054.1682670591645,2.128080317162121,2054.1682670591645,1980.103465881671,52.53861519345,-52.53861519,8.6903315,-61.22894669,LOSS,STOP_LOSS,2026-07-26T11:58:41.252300+00:00,2026-07-26T11:58:41.252692+00:00,10446.494092
ETHUSDT,LONG,2055.9,2129.9194648051566,1.4113171608979636,2018.8902675974218,2129.9194648051566,52.232470459999995,104.46494092,5.90751884,98.55742208,WIN,TAKE_PROFIT,2026-07-26T11:58:41.256092+00:00,2026-07-26T11:58:41.259918+00:00,10545.05151408
ETHUSDT,LONG,2122.9,2102.2431069255194,2.5524292244866147,2102.2431069255194,2164.213786148962,52.7252575704,-52.72525757,10.78437874,-63.50963631,LOSS,STOP_LOSS,2026-07-26T11:58:41.264138+00:00,2026-07-26T11:58:41.264999+00:00,10481.54187777
SOLUSDT,SHORT,86.14,87.08822254596942,55.269419200817254,87.08822254596942,84.24355490806116,52.40770938885,-52.40770939,9.57422325,-61.98193264,LOSS,STOP_LOSS,2026-07-26T11:58:41.267672+00:00,2026-07-26T11:58:41.268079+00:00,10419.55994513
BTCUSDT,LONG,71270.0,70760.95412335162,0.10234401674888022,70760.95412335162,72288.09175329676,52.09779972565,-52.09779973,14.53601835,-66.63381807,LOSS,STOP_LOSS,2026-07-26T11:58:41.270450+00:00,2026-07-26T11:58:41.271107+00:00,10352.92612706
SOLUSDT,SHORT,86.84,87.72759310724308,58.320226027987914,87.72759310724308,85.06481378551386,51.7646306353,-51.76463064,10.18082149,-61.94545212,LOSS,STOP_LOSS,2026-07-26T11:58:41.273561+00:00,2026-07-26T11:58:41.274144+00:00,10290.98067494
BTCUSDT,LONG,71320.9,70764.2839589916,0.09244236526400092,70764.2839589916,72434.13208201677,51.454903374699995,-51.45490337,13.13469047,-64.58959385,LOSS,STOP_LOSS,2026-07-26T11:58:41.276615+00:00,2026-07-26T11:58:41.276839+00:00,10226.39108109
SOLUSDT,SHORT,86.58,87.67302670770339,46.78015188932179,87.67302670770339,84.39394658459321,51.13195540545,-51.13195541,8.15158306,-59.28353846,LOSS,STOP_LOSS,2026-07-26T11:58:41.279963+00:00,2026-07-26T11:58:41.280556+00:00,10167.10754263
SOLUSDT,SHORT,86.19,87.46274566748389,39.94163092587668,87.46274566748389,83.64450866503222,50.835537713149996,-50.83553771,6.93597388,-57.77151159,LOSS,STOP_LOSS,2026-07-26T11:58:41.283450+00:00,2026-07-26T11:58:41.283902+00:00,10109.33603104
ETHUSDT,SHORT,2080.44,2027.8137224223944,1.92096733730259,2106.753138788803,2027.8137224223944,50.5466801552,101.09336031,7.89182121,93.2015391,WIN,TAKE_PROFIT,2026-07-26T11:58:41.286782+00:00,2026-07-26T11:58:41.288373+00:00,10202.53757014
BTCUSDT,SHORT,69000.0,69557.8136687088,0.09145112555018868,69557.8136687088,67884.37266258239,51.012687850700004,-51.01268785,12.67126801,-63.68395586,LOSS,STOP_LOSS,2026-07-26T11:58:41.291090+00:00,2026-07-26T11:58:41.292026+00:00,10138.85361428
BTCUSDT,SHORT,69138.1,69816.97361040606,0.07467408851122996,69816.97361040606,67780.3527791879,50.6942680714,-50.69426807,10.37634347,-61.07061154,LOSS,STOP_LOSS,2026-07-26T11:58:41.294693+00:00,2026-07-26T11:58:41.295025+00:00,10077.78300274
BTCUSDT,SHORT,68884.5,69628.59131634916,0.06771872471369526,69628.59131634916,67396.31736730167,50.3889150137,-50.38891501,9.3799299,-59.76884491,LOSS,STOP_LOSS,2026-07-26T11:58:41.297604+00:00,2026-07-26T11:58:41.297933+00:00,10018.01415783
BTCUSDT,SHORT,69164.3,69949.36706341805,0.06380355656632294,69949.36706341805,67594.16587316392,50.09007078915,-50.09007079,8.87594673,-58.96601751,LOSS,STOP_LOSS,2026-07-26T11:58:41.300590+00:00,2026-07-26T11:58:41.300874+00:00,9959.04814032
BTCUSDT,LONG,70362.4,69704.7369214583,0.07571542682921456,69704.7369214583,71677.7261570834,49.795240701599994,-49.7952407,10.60524306,-60.40048376,LOSS,STOP_LOSS,2026-07-26T11:58:41.303553+00:00,2026-07-26T11:58:41.304788+00:00,9898.64765656
BTCUSDT,SHORT,69508.0,68537.23186586173,0.10196716711706638,69993.38406706914,68537.23186586173,49.49323828279999,98.98647657,14.07608123,84.91039534,WIN,TAKE_PROFIT,2026-07-26T11:58:41.307599+00:00,2026-07-26T11:58:41.309118+00:00,9983.5580519
ETHUSDT,SHORT,2007.91,2024.896917859749,2.938601968387793,2024.896917859749,1973.9361642805022,49.917790259499995,-49.91779026,11.85081435,-61.76860461,LOSS,STOP_LOSS,2026-07-26T11:58:41.311969+00:00,2026-07-26T11:58:41.312591+00:00,9921.78944729
SOLUSDT,SHORT,84.18,84.89469253583111,69.41299195011294,84.89469253583111,82.75061492833781,49.60894723644999,-49.60894724,11.73598027,-61.34492751,LOSS,STOP_LOSS,2026-07-26T11:58:41.315512+00:00,2026-07-26T11:58:41.316252+00:00,9860.44451978
SOLUSDT,SHORT,84.38,82.56353368097251,54.283662826510025,85.28823315951374,82.56353368097251,49.302222598899995,98.6044452,9.06230649,89.5421387,WIN,TAKE_PROFIT,2026-07-26T11:58:41.319468+00:00,2026-07-26T11:58:41.319837+00:00,9949.98665848
BTCUSDT,SHORT,68880.0,67581.90140989827,0.07665046965115567,69529.04929505086,67581.90140989827,49.7499332924,99.49986658,10.45986883,89.03999775,WIN,TAKE_PROFIT,2026-07-26T11:58:41.322737+00:00,2026-07-26T11:58:41.324566+00:00,10039.02665623
SOLUSDT,SHORT,82.52,80.97839159284838,65.12047164285272,83.2908042035758,80.97839159284838,50.19513328115,100.39026656,10.64709237,89.74317419,WIN,TAKE_PROFIT,2026-07-26T11:58:41.327412+00:00,2026-07-26T11:58:41.327914+00:00,10128.76983042
BTCUSDT,SHORT,66883.0,67366.30872235782,0.10478571316701026,67366.30872235782,65916.38255528438,50.6438491521,-50.64384915,14.06740956,-64.71125871,LOSS,STOP_LOSS,2026-07-26T11:58:41.331000+00:00,2026-07-26T11:58:41.332269+00:00,10064.05857171
ETHUSDT,SHORT,1949.04,1964.5287241453043,3.248833950845828,1964.5287241453043,1918.0625517093915,50.320292858550005,-50.32029286,12.71453494,-63.0348278,LOSS,STOP_LOSS,2026-07-26T11:58:41.335177+00:00,2026-07-26T11:58:41.335648+00:00,10001.02374391
SOLUSDT,SHORT,81.08,78.95468276964952,47.056616306925555,82.14265861517524,78.95468276964952,50.00511871955,100.01023744,7.53069066,92.47954678,WIN,TAKE_PROFIT,2026-07-26T11:58:41.338780+00:00,2026-07-26T11:58:41.339120+00:00,10093.50329069
BTCUSDT,SHORT,66087.9,66948.62015557829,0.05863405907991377,66948.62015557829,64366.45968884342,50.467516453449996,-50.46751645,7.80047118,-58.26798764,LOSS,STOP_LOSS,2026-07-26T11:58:41.341980+00:00,2026-07-26T11:58:41.342452+00:00,10035.23530305
BTCUSDT,SHORT,66579.1,67509.76276649078,0.053914455721107674,67509.76276649078,64717.77446701848,50.17617651525,-50.17617652,7.22932805,-57.40550457,LOSS,STOP_LOSS,2026-07-26T11:58:41.345468+00:00,2026-07-26T11:58:41.346108+00:00,9977.82979848
SOLUSDT,SHORT,79.54,80.72512430732465,42.096131759394865,80.72512430732465,77.16975138535071,49.889148992399996,-49.88914899,6.74654179,-56.63569078,LOSS,STOP_LOSS,2026-07-26T11:58:41.349009+00:00,2026-07-26T11:58:41.349602+00:00,9921.1941077
BTCUSDT,LONG,68153.5,67433.23939431318,0.06887225283020605,67433.23939431318,69594.02121137363,49.605970538499996,-49.60597054,9.3381642,-58.94413473,LOSS,STOP_LOSS,2026-07-26T11:58:41.352628+00:00,2026-07-26T11:58:41.353105+00:00,9862.24997297
SOLUSDT,SHORT,79.76,80.79386445110065,47.696049334469144,80.79386445110065,77.69227109779872,49.31124986485,-49.31124986,7.65778504,-56.9690349,LOSS,STOP_LOSS,2026-07-26T11:58:41.356130+00:00,2026-07-26T11:58:41.357377+00:00,9805.28093807
ETHUSDT,LONG,1972.38,1956.7081739924238,3.12831476476632,1956.7081739924238,2003.7236520151528,49.02640469035,-49.02640469,12.29142455,-61.31782924,LOSS,STOP_LOSS,2026-07-26T11:58:41.360577+00:00,2026-07-26T11:58:41.360961+00:00,9743.96310883
BTCUSDT,SHORT,66777.9,67236.92598642675,0.10613737998452975,67236.92598642675,65859.84802714648,48.719815544149995,-48.71981554,14.22398251,-62.94379805,LOSS,STOP_LOSS,2026-07-26T11:58:41.364734+00:00,2026-07-26T11:58:41.365182+00:00,9681.01931078
ETHUSDT,LONG,1978.42,1962.3304553690011,3.008481449539631,1962.3304553690011,2010.5990892619977,48.405096553899995,-48.40509655,11.85567464,-60.2607712,LOSS,STOP_LOSS,2026-07-26T11:58:41.368361+00:00,2026-07-26T11:58:41.368881+00:00,9620.75853958
BTCUSDT,SHORT,66896.3,67301.20021760644,0.11880406728913517,67301.20021760644,66086.49956478714,48.10379269789999,-48.1037927,15.94320885,-64.04700154,LOSS,STOP_LOSS,2026-07-26T11:58:41.372181+00:00,2026-07-26T11:58:41.372640+00:00,9556.71153804
ETHUSDT,LONG,1976.77,1963.1026883865534,3.4961928901355974,1963.1026883865534,2004.1046232268934,47.783557690199984,-47.78355769,13.77455488,-61.55811257,LOSS,STOP_LOSS,2026-07-26T11:58:41.375850+00:00,2026-07-26T11:58:41.376994+00:00,9495.15342547
BTCUSDT,SHORT,67382.0,67947.43915937457,0.0839626445042516,67947.43915937457,66251.12168125086,47.47576712734999,-47.47576713,11.36261759,-58.83838472,LOSS,STOP_LOSS,2026-07-26T11:58:41.380297+00:00,2026-07-26T11:58:41.380634+00:00,9436.31504075
BTCUSDT,SHORT,67374.4,66115.3391027112,0.07494724886675216,68003.93044864439,66115.3391027112,47.181575203749986,94.36315041,10.0046887,84.35846171,WIN,TAKE_PROFIT,2026-07-26T11:58:41.384577+00:00,2026-07-26T11:58:41.385008+00:00,9520.67350246
BTCUSDT,SHORT,66034.5,66745.34987087162,0.06696683710996502,66745.34987087162,64612.80025825674,47.60336751229999,-47.60336751,8.89184658,-56.49521409,LOSS,STOP_LOSS,2026-07-26T11:58:41.389069+00:00,2026-07-26T11:58:41.391656+00:00,9464.17828837
ETHUSDT,LONG,1953.29,1938.949528385929,3.2998141703664903,1938.949528385929,1981.970943228142,47.32089144184999,-47.32089144,12.84366715,-60.16455859,LOSS,STOP_LOSS,2026-07-26T11:58:41.395128+00:00,2026-07-26T11:58:41.395677+00:00,9404.01372978
SOLUSDT,SHORT,78.17,78.83983387860144,70.19661165403289,78.83983387860144,76.83033224279711,47.020068648899986,-47.02006865,11.02155833,-58.04162698,LOSS,STOP_LOSS,2026-07-26T11:58:41.399093+00:00,2026-07-26T11:58:41.399709+00:00,9345.9721028
BTCUSDT,SHORT,66094.0,66459.49520908072,0.12785355143650975,66459.49520908072,65363.00958183855,46.72986051399998,-46.72986051,16.94743512,-63.67729563,LOSS,STOP_LOSS,2026-07-26T11:58:41.403115+00:00,2026-07-26T11:58:41.403485+00:00,9282.29480717
SOLUSDT,LONG,78.96,80.32789682824686,67.85814993859164,78.27605158587656,80.32789682824686,46.411474035849984,92.82294807,10.80898199,82.01396609,WIN,TAKE_PROFIT,2026-07-26T11:58:41.406876+00:00,2026-07-26T11:58:41.407566+00:00,9364.30877326
ETHUSDT,LONG,1957.6,1984.7277244710854,3.451933015333118,1944.0361377644572,1984.7277244710854,46.82154386629999,93.64308773,13.60865123,80.0344365,WIN,TAKE_PROFIT,2026-07-26T11:58:41.411001+00:00,2026-07-26T11:58:41.411803+00:00,9444.34320976
BTCUSDT,LONG,67310.3,68168.12554515543,0.11009631577302638,66881.3872274223,68168.12554515543,47.22171604879999,94.4434321,14.91567552,79.52775658,WIN,TAKE_PROFIT,2026-07-26T11:58:41.418722+00:00,2026-07-26T11:58:41.419090+00:00,9523.87096634
SOLUSDT,LONG,84.89,84.29367442963506,79.85462505415943,84.29367442963506,86.08265114072988,47.619354831699994,-47.61935483,13.51009889,-61.12945372,LOSS,STOP_LOSS,2026-07-26T11:58:41.423151+00:00,2026-07-26T11:58:41.424929+00:00,9462.74151262
BTCUSDT,LONG,69152.4,69500.10473298341,0.272148769199273,68978.54763350828,69500.10473298341,47.313707563099996,94.62741513,37.73410851,56.89330662,WIN,TAKE_PROFIT,2026-07-26T11:58:41.429011+00:00,2026-07-26T11:58:41.429371+00:00,9519.63481924
SOLUSDT,LONG,86.7,86.07634376668635,76.32117110943896,86.07634376668635,87.94731246662732,47.5981740962,-47.5981741,13.1864929,-60.78466699,LOSS,STOP_LOSS,2026-07-26T11:58:41.432855+00:00,2026-07-26T11:58:41.433095+00:00,9458.85015225
ETHUSDT,LONG,2084.01,2070.4425735903956,3.4858674986266767,2070.4425735903956,2111.1448528192095,47.294250761250005,-47.29425076,14.4818712,-61.77612196,LOSS,STOP_LOSS,2026-07-26T11:58:41.436575+00:00,2026-07-26T11:58:41.437042+00:00,9397.07403029
ETHUSDT,LONG,2094.03,2083.278016752076,4.369925907438609,2083.278016752076,2115.5339664958487,46.985370151450006,-46.98537015,18.25452653,-65.23989668,LOSS,STOP_LOSS,2026-07-26T11:58:41.440563+00:00,2026-07-26T11:58:41.440805+00:00,9331.83413361
SOLUSDT,LONG,88.53,87.86302670580017,69.95658008170568,87.86302670580017,89.86394658839967,46.65917066805001,-46.65917067,12.3398529,-58.99902357,LOSS,STOP_LOSS,2026-07-26T11:58:41.444188+00:00,2026-07-26T11:58:41.444709+00:00,9272.83511004
SOLUSDT,LONG,88.38,87.67799458629864,66.04532478708803,87.67799458629864,89.7840108274027,46.36417555020001,-46.36417555,11.62780743,-57.99198298,LOSS,STOP_LOSS,2026-07-26T11:58:41.448253+00:00,2026-07-26T11:58:41.448545+00:00,9214.84312706
ETHUSDT,SHORT,2059.22,2074.0112079999767,3.114973140488075,2074.0112079999767,2029.6375840000462,46.07421563530001,-46.07421564,12.8749042,-58.94911983,LOSS,STOP_LOSS,2026-07-26T11:58:41.451998+00:00,2026-07-26T11:58:41.452609+00:00,9155.89400723
BTCUSDT,LONG,70406.1,70013.94266962374,0.11673750938743072,70013.94266962374,71190.41466075255,45.77947003615,-45.77947004,16.39228605,-62.17175609,LOSS,STOP_LOSS,2026-07-26T11:58:41.456058+00:00,2026-07-26T11:58:41.457708+00:00,9093.72225114
ETHUSDT,SHORT,2009.78,2027.8523773879983,2.515917539764032,2027.8523773879983,1973.6352452240033,45.468611255700004,-45.46861126,10.15835012,-55.62696137,LOSS,STOP_LOSS,2026-07-26T11:58:41.461473+00:00,2026-07-26T11:58:41.461820+00:00,9038.09528977
BTCUSDT,SHORT,69020.0,68134.37755419007,0.10205359329510102,69462.81122290497,68134.37755419007,45.190476448850006,90.3809529,13.99709707,76.38385583,WIN,TAKE_PROFIT,2026-07-26T11:58:41.465689+00:00,2026-07-26T11:58:41.466934+00:00,9114.4791456
BTCUSDT,SHORT,68156.2,68587.12578413445,0.10575462737634797,68587.12578413445,67294.34843173108,45.572395728000004,-45.57239573,14.46123946,-60.03363519,LOSS,STOP_LOSS,2026-07-26T11:58:41.470439+00:00,2026-07-26T11:58:41.471209+00:00,9054.44551041
ETHUSDT,SHORT,1956.02,1976.618330308587,2.1978590921603347,1976.618330308587,1914.8233393828257,45.27222755205,-45.27222755,8.64338491,-53.91561246,LOSS,STOP_LOSS,2026-07-26T11:58:41.475092+00:00,2026-07-26T11:58:41.475851+00:00,9000.52989795
BTCUSDT,SHORT,68716.7,69114.4505328873,0.11314290181604976,69114.4505328873,67921.19893422538,45.00264948975,-45.00264949,15.59461633,-60.59726582,LOSS,STOP_LOSS,2026-07-26T11:58:41.480365+00:00,2026-07-26T11:58:41.482600+00:00,8939.93263213
ETHUSDT,LONG,1991.3,2021.3036616126967,2.979613870977289,1976.2981691936516,2021.3036616126967,44.69966316065,89.39932632,11.95600953,77.44331679,WIN,TAKE_PROFIT,2026-07-26T11:58:41.486167+00:00,2026-07-26T11:58:41.486783+00:00,9017.37594892
SOLUSDT,LONG,86.23,85.46218975632145,58.72138346134851,85.46218975632145,87.76562048735713,45.0868797446,-45.08687974,10.08200291,-55.16888266,LOSS,STOP_LOSS,2026-07-26T11:58:41.490313+00:00,2026-07-26T11:58:41.490741+00:00,8962.20706626
SOLUSDT,SHORT,84.94,83.12620954745411,49.41147999583074,85.84689522627295,83.12620954745411,44.8110353313,89.62207066,8.30440015,81.31767051,WIN,TAKE_PROFIT,2026-07-26T11:58:41.494383+00:00,2026-07-26T11:58:41.495063+00:00,9043.52473677
ETHUSDT,SHORT,1950.09,1973.5221778133277,1.9297234787169921,1973.5221778133277,1903.2256443733443,45.21762368385,-45.21762368,7.57148654,-52.78911022,LOSS,STOP_LOSS,2026-07-26T11:58:41.498796+00:00,2026-07-26T11:58:41.499089+00:00,8990.73562655
BTCUSDT,SHORT,67703.9,68291.05490547328,0.07656187100491585,68291.05490547328,66529.5901890534,44.95367813275,-44.95367813,10.41202819,-55.36570633,LOSS,STOP_LOSS,2026-07-26T11:58:41.502964+00:00,2026-07-26T11:58:41.503997+00:00,8935.36992022
ETHUSDT,LONG,1992.29,1976.2734398424127,2.789416027007275,1976.2734398424127,2024.3231203151745,44.6768496011,-44.6768496,11.06997446,-55.74682406,LOSS,STOP_LOSS,2026-07-26T11:58:41.507874+00:00,2026-07-26T11:58:41.509560+00:00,8879.62309616
BTCUSDT,SHORT,68019.0,68385.61467988433,0.12110293972627773,68385.61467988433,67285.77064023135,44.39811548080001,-44.39811548,16.51899983,-60.91711531,LOSS,STOP_LOSS,2026-07-26T11:58:41.513305+00:00,2026-07-26T11:58:41.513692+00:00,8818.70598085
BTCUSDT,SHORT,68347.3,67620.04380342139,0.12125996343981199,68710.92809828931,67620.04380342139,44.093529904250005,88.18705981,16.48739514,71.69966467,WIN,TAKE_PROFIT,2026-07-26T11:58:41.517427+00:00,2026-07-26T11:58:41.519103+00:00,8890.40564552
BTCUSDT,SHORT,67067.0,67545.32416063697,0.09293285157999351,67545.32416063697,66110.35167872607,44.45202822760001,-44.45202823,12.50990714,-56.96193537,LOSS,STOP_LOSS,2026-07-26T11:58:41.522951+00:00,2026-07-26T11:58:41.523467+00:00,8833.44371015
SOLUSDT,SHORT,84.49,85.44156168470516,46.41550753951905,85.44156168470516,82.58687663058967,44.167218550750015,-44.16721855,7.88745968,-52.05467823,LOSS,STOP_LOSS,2026-07-26T11:58:41.527499+00:00,2026-07-26T11:58:41.528230+00:00,8781.38903192
BTCUSDT,SHORT,67573.0,68145.68973414424,0.0766679452098253,68145.68973414424,66427.62053171152,43.906945159600006,-43.90694516,10.40527307,-54.31221823,LOSS,STOP_LOSS,2026-07-26T11:58:41.532297+00:00,2026-07-26T11:58:41.534564+00:00,8727.07681369
BTCUSDT,LONG,68078.4,67797.0831277331,0.15511115176572685,67797.0831277331,68641.03374453378,43.63538406845001,-43.63538407,21.07580268,-64.71118675,LOSS,STOP_LOSS,2026-07-26T11:58:41.538476+00:00,2026-07-26T11:58:41.539213+00:00,8662.36562694
SOLUSDT,SHORT,84.22,83.178396662577,83.16376604909263,84.7408016687115,83.178396662577,43.31182813470001,86.62365627,13.9214811,72.70217517,WIN,TAKE_PROFIT,2026-07-26T11:58:41.543233+00:00,2026-07-26T11:58:41.543500+00:00,8735.06780211
BTCUSDT,SHORT,67355.3,66696.7847838491,0.13264792654553112,67684.55760807545,66696.7847838491,43.675339010550005,87.35067802,17.7817311,69.56894693,WIN,TAKE_PROFIT,2026-07-26T11:58:41.547309+00:00,2026-07-26T11:58:41.548135+00:00,8804.63674904
BTCUSDT,SHORT,67190.5,67576.64563501865,0.11400668492102393,67576.64563501865,66418.2087299627,44.0231837452,-44.02318375,15.36435551,-59.38753926,LOSS,STOP_LOSS,2026-07-26T11:58:41.552502+00:00,2026-07-26T11:58:41.552844+00:00,8745.24920978
SOLUSDT,SHORT,82.95,81.1726634533626,49.204238928892856,83.8386682733187,81.1726634533626,43.7262460489,87.4524921,8.07553075,79.37696135,WIN,TAKE_PROFIT,2026-07-26T11:58:41.558205+00:00,2026-07-26T11:58:41.558980+00:00,8824.62617113
ETHUSDT,SHORT,1951.15,1970.4760409342678,2.283092072800799,1970.4760409342678,1912.497918131465,44.123130855650004,-44.12313086,8.95343333,-53.07656418,LOSS,STOP_LOSS,2026-07-26T11:58:41.563550+00:00,2026-07-26T11:58:41.564829+00:00,8771.54960695
SOLUSDT,SHORT,81.37,81.92821876033072,78.56731294513715,81.92821876033072,80.25356247933857,43.85774803475,-43.85774803,12.82990226,-56.68765029,LOSS,STOP_LOSS,2026-07-26T11:58:41.569636+00:00,2026-07-26T11:58:41.570156+00:00,8714.86195666
ETHUSDT,LONG,1975.14,1962.6783231820311,3.496665049158422,1962.6783231820311,2000.063353635938,43.5743097833,-43.57430978,13.7692317,-57.34354148,LOSS,STOP_LOSS,2026-07-26T11:58:41.574199+00:00,2026-07-26T11:58:41.575496+00:00,8657.51841518
SOLUSDT,SHORT,81.14,81.69058393592076,78.62124056254756,81.69058393592076,80.03883212815849,43.2875920759,-43.28759208,12.80194251,-56.08953459,LOSS,STOP_LOSS,2026-07-26T11:58:41.579550+00:00,2026-07-26T11:58:41.579857+00:00,8601.42888059
SOLUSDT,SHORT,81.6,80.42659504927951,73.30315826014366,82.18670247536024,80.42659504927951,43.00714440295,86.01428881,11.87706114,74.13722767,WIN,TAKE_PROFIT,2026-07-26T11:58:41.583931+00:00,2026-07-26T11:58:41.584653+00:00,8675.56610826
BTCUSDT,SHORT,66356.8,65772.44948092461,0.14846510484815253,66648.97525953769,65772.44948092461,43.3778305413,86.75566108,19.61658288,67.1390782,WIN,TAKE_PROFIT,2026-07-26T11:58:41.588747+00:00,2026-07-26T11:58:41.589071+00:00,8742.70518646
BTCUSDT,SHORT,65871.2,66196.01743629895,0.13457875423925172,66196.01743629895,65221.5651274021,43.7135259323,-43.71352593,17.7734416,-61.48696753,LOSS,STOP_LOSS,2026-07-26T11:58:41.593296+00:00,2026-07-26T11:58:41.593727+00:00,8681.21821893
BTCUSDT,SHORT,66219.5,66601.75820245947,0.11355175851132195,66601.75820245947,65454.98359508105,43.40609109465,-43.40609109,15.08208744,-58.48817853,LOSS,STOP_LOSS,2026-07-26T11:58:41.597975+00:00,2026-07-26T11:58:41.598242+00:00,8622.7300404
SOLUSDT,SHORT,80.74,81.49463892933237,57.13149497885341,81.49463892933237,79.23072214133524,43.113650202,-43.1136502,9.26870746,-52.38235766,LOSS,STOP_LOSS,2026-07-26T11:58:41.602613+00:00,2026-07-26T11:58:41.603625+00:00,8570.34768274
ETHUSDT,SHORT,1928.34,1949.522610334804,2.0229677899183285,1949.522610334804,1885.9747793303916,42.8517384137,-42.85173841,7.84479115,-50.69652957,LOSS,STOP_LOSS,2026-07-26T11:58:41.607831+00:00,2026-07-26T11:58:41.608675+00:00,8519.65115317
ETHUSDT,SHORT,1938.71,1953.0214234425237,2.9765212340288754,1953.0214234425237,1910.087153114953,42.59825576585,-42.59825577,11.58382122,-54.18207698,LOSS,STOP_LOSS,2026-07-26T11:58:41.613145+00:00,2026-07-26T11:58:41.613731+00:00,8465.46907619
BTCUSDT,LONG,67159.1,67813.89040196167,0.1292851735582642,66831.70479901916,67813.89040196167,42.32734538095,84.65469076,17.45000649,67.20468427,WIN,TAKE_PROFIT,2026-07-26T11:58:41.618584+00:00,2026-07-26T11:58:41.619733+00:00,8532.67376046
ETHUSDT,LONG,1958.86,1945.4151911802146,3.1732224216916367,1945.4151911802146,1985.7496176395705,42.6633688023,-42.6633688,12.38913358,-55.05250238,LOSS,STOP_LOSS,2026-07-26T11:58:41.623870+00:00,2026-07-26T11:58:41.625193+00:00,8477.62125808
ETHUSDT,SHORT,1942.98,1953.9087005869553,3.878604409841277,1953.9087005869553,1921.1225988260894,42.3881062904,-42.38810629,15.1144897,-57.50259599,LOSS,STOP_LOSS,2026-07-26T11:58:41.630217+00:00,2026-07-26T11:58:41.631196+00:00,8420.11866209
BTCUSDT,SHORT,66859.1,67421.84107978507,0.07481343520634721,67421.84107978507,65733.61784042987,42.10059331045,-42.10059331,10.04601848,-52.1466118,LOSS,STOP_LOSS,2026-07-26T11:58:41.636122+00:00,2026-07-26T11:58:41.636409+00:00,8367.97205029
SOLUSDT,LONG,84.01,82.97809812231333,40.54635538143103,82.97809812231333,86.07380375537336,41.83986025145,-41.83986025,6.77075877,-48.61061902,LOSS,STOP_LOSS,2026-07-26T11:58:41.641801+00:00,2026-07-26T11:58:41.642444+00:00,8319.36143127
ETHUSDT,LONG,1965.6,1944.6748999464576,1.9878904784165299,1944.6748999464576,2007.4502001070846,41.596807156349996,-41.59680716,7.77319824,-49.3700054,LOSS,STOP_LOSS,2026-07-26T11:58:41.647522+00:00,2026-07-26T11:58:41.656185+00:00,8269.99142587
BTCUSDT,SHORT,67622.4,67242.98970427478,0.2179696101831552,67812.1051478626,67242.98970427478,41.349957129349995,82.69991426,29.39655642,53.30335784,WIN,TAKE_PROFIT,2026-07-26T11:58:41.661294+00:00,2026-07-26T11:58:41.662183+00:00,8323.29478371
BTCUSDT,SHORT,67232.3,67474.19415301608,0.17204414988808323,67474.19415301608,66748.51169396784,41.61647391855,-41.61647392,23.17546427,-64.79193819,LOSS,STOP_LOSS,2026-07-26T11:58:41.666512+00:00,2026-07-26T11:58:41.667847+00:00,8258.50284552
ETHUSDT,SHORT,1940.39,1947.0545644026058,6.195830925042226,1947.0545644026058,1927.0608711947887,41.2925142276,-41.29251423,24.08594925,-65.37846348,LOSS,STOP_LOSS,2026-07-26T11:58:41.672816+00:00,2026-07-26T11:58:41.673052+00:00,8193.12438204
SOLUSDT,SHORT,83.27,82.45654894637954,100.72055774683174,83.67672552681022,82.45654894637954,40.96562191020001,81.93124382,16.69207044,65.23917338,WIN,TAKE_PROFIT,2026-07-26T11:58:41.677817+00:00,2026-07-26T11:58:41.678603+00:00,8258.36355542
SOLUSDT,SHORT,82.52,81.49400804290268,80.4915038397003,83.03299597854866,81.49400804290268,41.29181777710001,82.58363555,13.20173416,69.3819014,WIN,TAKE_PROFIT,2026-07-26T11:58:41.683131+00:00,2026-07-26T11:58:41.684092+00:00,8327.74545682
ETHUSDT,SHORT,1928.14,1907.146440022458,3.96680956718563,1938.6367799887712,1907.146440022458,41.63872728410001,83.27745457,15.21385094,68.06360363,WIN,TAKE_PROFIT,2026-07-26T11:58:41.689165+00:00,2026-07-26T11:58:41.693668+00:00,8395.80906045
BTCUSDT,SHORT,65444.4,64625.544741381476,0.1025310513925796,65853.82762930926,64625.544741381476,41.97904530225001,83.9580906,13.33620819,70.62188242,WIN,TAKE_PROFIT,2026-07-26T11:58:41.698855+00:00,2026-07-26T11:58:41.699243+00:00,8466.43094287
BTCUSDT,SHORT,64387.2,64906.40608658617,0.08153247006923213,64906.40608658617,63348.787826827654,42.33215471435001,-42.33215471,10.54162707,-52.87378178,LOSS,STOP_LOSS,2026-07-26T11:58:41.703911+00:00,2026-07-26T11:58:41.704416+00:00,8413.55716109
BTCUSDT,SHORT,64725.6,65215.77991959782,0.08582111205201036,65215.77991959782,63745.24016080436,42.067785805450015,-42.06778581,11.15171373,-53.21949953,LOSS,STOP_LOSS,2026-07-26T11:58:41.711131+00:00,2026-07-26T11:58:41.711858+00:00,8360.33766156
SOLUSDT,SHORT,78.39,79.1946547960953,51.94984049141112,79.1946547960953,76.78069040780939,41.80168830780001,-41.80168831,8.18649768,-49.98818599,LOSS,STOP_LOSS,2026-07-26T11:58:41.718157+00:00,2026-07-26T11:58:41.718716+00:00,8310.34947557
ETHUSDT,SHORT,1877.89,1890.4770339238137,3.3011547938420893,1890.4770339238137,1852.7159321523732,41.55174737785001,-41.55174738,12.4399629,-53.99171028,LOSS,STOP_LOSS,2026-07-26T11:58:41.723432+00:00,2026-07-26T11:58:41.724088+00:00,8256.35776529
BTCUSDT,LONG,66391.8,66018.82927786483,0.11068372495867991,66018.82927786483,67137.74144427036,41.28178882645002,-41.28178883,14.65570167,-55.9374905,LOSS,STOP_LOSS,2026-07-26T11:58:41.728897+00:00,2026-07-26T11:58:41.729522+00:00,8200.42027479
BTCUSDT,SHORT,65805.2,66209.13637698663,0.10150633542793394,66209.13637698663,64997.327246026725,41.00210137395002,-41.00210137,13.40029151,-54.40239288,LOSS,STOP_LOSS,2026-07-26T11:58:41.734296+00:00,2026-07-26T11:58:41.734915+00:00,8146.01788191
BTCUSDT,SHORT,65788.7,64861.52939486907,0.0878588885026144,66252.28530256546,64861.52939486907,40.73008940955002,81.46017882,11.47878394,69.98139488,WIN,TAKE_PROFIT,2026-07-26T11:58:41.740661+00:00,2026-07-26T11:58:41.741246+00:00,8215.99927679
SOLUSDT,SHORT,78.21,79.1031737582699,45.993286304696646,79.1031737582699,76.42365248346017,41.07999638395002,-41.07999638,7.23534984,-48.31534622,LOSS,STOP_LOSS,2026-07-26T11:58:41.746178+00:00,2026-07-26T11:58:41.746736+00:00,8167.68393057
BTCUSDT,SHORT,64857.6,63738.54224957499,0.07298715305325391,65417.128875212504,63738.54224957499,40.83841965285002,81.67683931,9.38586632,72.29097299,WIN,TAKE_PROFIT,2026-07-26T11:58:41.757561+00:00,2026-07-26T11:58:41.759276+00:00,8239.97490356
BTCUSDT,SHORT,64409.2,63371.500096350115,0.07940614501916865,64928.04995182494,63371.500096350115,41.19987451780002,82.39974904,10.1465728,72.25317623,WIN,TAKE_PROFIT,2026-07-26T11:58:41.764761+00:00,2026-07-26T11:58:41.765462+00:00,8312.22807979
BTCUSDT,SHORT,63570.5,62556.65655059572,0.08198729384377967,64077.421724702144,62556.65655059572,41.561140398950016,83.1222808,10.34082425,72.78145655,WIN,TAKE_PROFIT,2026-07-26T11:58:41.770410+00:00,2026-07-26T11:58:41.772381+00:00,8385.00953634
ETHUSDT,SHORT,1816.81,1830.4141339455082,3.0817873338819086,1830.4141339455082,1789.6017321089837,41.925047681700015,-41.92504768,11.23996914,-53.16501682,LOSS,STOP_LOSS,2026-07-26T11:58:41.777560+00:00,2026-07-26T11:58:41.778050+00:00,8331.84451952
BTCUSDT,LONG,64009.5,65013.05933360212,0.08302293885917161,63507.72033319894,65013.05933360212,41.65922259760002,83.3184452,10.71183206,72.60661314,WIN,TAKE_PROFIT,2026-07-26T11:58:41.783621+00:00,2026-07-26T11:58:41.785738+00:00,8404.45113266
BTCUSDT,LONG,65403.8,64902.13878536222,0.08376620403800158,64902.13878536222,66407.12242927557,42.02225566330002,-42.02225566,10.91523386,-52.93748952,LOSS,STOP_LOSS,2026-07-26T11:58:41.790853+00:00,2026-07-26T11:58:41.791419+00:00,8351.51364314
SOLUSDT,LONG,82.14,83.64071236432204,55.65032874845966,81.38964381783897,83.64071236432204,41.75756821570002,83.51513643,9.22575114,74.28938529,WIN,TAKE_PROFIT,2026-07-26T11:58:41.796424+00:00,2026-07-26T11:58:41.797659+00:00,8425.80302843
BTCUSDT,LONG,69183.9,68530.93619826733,0.0645196793916585,68530.93619826733,70489.82760346532,42.12901514215002,-42.12901514,8.88531708,-51.01433222,LOSS,STOP_LOSS,2026-07-26T11:58:41.802918+00:00,2026-07-26T11:58:41.803376+00:00,8374.78869621
SOLUSDT,LONG,89.07,87.84171042842218,34.09126353426613,87.84171042842218,91.52657914315562,41.87394348105002,-41.87394348,6.03114374,-47.90508722,LOSS,STOP_LOSS,2026-07-26T11:58:41.808790+00:00,2026-07-26T11:58:41.809148+00:00,8326.88360899
SOLUSDT,LONG,88.92,87.64116879198161,32.55661715471008,87.64116879198161,91.47766241603678,41.63441804495002,-41.63441804,5.74823438,-47.38265242,LOSS,STOP_LOSS,2026-07-26T11:58:41.814200+00:00,2026-07-26T11:58:41.814893+00:00,8279.50095657
ETHUSDT,LONG,2061.45,2041.0227742406892,2.026584778110721,2041.0227742406892,2102.304451518621,41.39750478285002,-41.39750478,8.31400888,-49.71151366,LOSS,STOP_LOSS,2026-07-26T11:58:41.820510+00:00,2026-07-26T11:58:41.822573+00:00,8229.78944291
BTCUSDT,SHORT,67659.8,66778.41906405492,0.0933738081603203,68100.49046797254,66778.41906405492,41.14894721455002,82.29789443,12.55300848,69.74488595,WIN,TAKE_PROFIT,2026-07-26T11:58:41.828156+00:00,2026-07-26T11:58:41.828587+00:00,8299.53432886
BTCUSDT,SHORT,67007.1,67582.47269191065,0.07212311642128591,67582.47269191065,65856.35461617872,41.49767164430002,-41.49767164,9.70701942,-51.20469106,LOSS,STOP_LOSS,2026-07-26T11:58:41.834940+00:00,2026-07-26T11:58:41.835791+00:00,8248.3296378
BTCUSDT,LONG,67466.1,66889.01859642386,0.07146591093289126,66889.01859642386,68620.26280715228,41.24164818900002,-41.24164819,9.60181094,-50.84345913,LOSS,STOP_LOSS,2026-07-26T11:58:41.840757+00:00,2026-07-26T11:58:41.842081+00:00,8197.48617867
BTCUSDT,SHORT,66960.0,67342.7984540414,0.10707313590382578,67342.7984540414,66194.40309191718,40.98743089335002,-40.98743089,14.38022179,-55.36765268,LOSS,STOP_LOSS,2026-07-26T11:58:41.847784+00:00,2026-07-26T11:58:41.848121+00:00,8142.11852599
SOLUSDT,LONG,86.09,87.48248866325345,58.47170422893477,85.39375566837329,87.48248866325345,40.71059262995002,81.42118526,10.14907922,71.27210604,WIN,TAKE_PROFIT,2026-07-26T11:58:41.853469+00:00,2026-07-26T11:58:41.854294+00:00,8213.39063203
BTCUSDT,LONG,67557.4,67185.18530057193,0.11033135774393732,67185.18530057193,68301.82939885612,41.06695316015002,-41.06695316,14.86633238,-55.93328554,LOSS,STOP_LOSS,2026-07-26T11:58:41.859374+00:00,2026-07-26T11:58:41.860619+00:00,8157.45734649
BTCUSDT,SHORT,65869.1,64927.74243265722,0.08665631030636385,66339.7787836714,64927.74243265722,40.78728673245003,81.57457346,11.33437176,70.2402017,WIN,TAKE_PROFIT,2026-07-26T11:58:41.866025+00:00,2026-07-26T11:58:41.867417+00:00,8227.69754819
BTCUSDT,SHORT,65565.1,65960.49427308756,0.10404421748374859,65960.49427308756,64774.3114538249,41.13848774095002,-41.13848774,13.68447754,-54.82296528,LOSS,STOP_LOSS,2026-07-26T11:58:41.872536+00:00,2026-07-26T11:58:41.872992+00:00,8172.87458291
BTCUSDT,SHORT,65732.1,65219.02590635571,0.15929228710144366,65988.63704682216,65219.02590635571,40.864372914550025,81.72874583,20.85950434,60.86924148,WIN,TAKE_PROFIT,2026-07-26T11:58:41.878353+00:00,2026-07-26T11:58:41.879129+00:00,8233.74382439
BTCUSDT,SHORT,64527.8,63868.94290214677,0.12497010127413426,64857.228548926614,63868.94290214677,41.168719121950026,82.33743824,16.04575396,66.29168428,WIN,TAKE_PROFIT,2026-07-26T11:58:41.886413+00:00,2026-07-26T11:58:41.886711+00:00,8300.03550867
BTCUSDT,SHORT,64003.7,63173.825551993425,0.10001555691475272,64418.63722400328,63173.825551993425,41.50017754335003,83.00035509,12.71973105,70.28062404,WIN,TAKE_PROFIT,2026-07-26T11:58:41.891982+00:00,2026-07-26T11:58:41.892237+00:00,8370.31613271
BTCUSDT,SHORT,63173.8,63671.65242228877,0.0840642302615438,63671.65242228877,62178.095155422474,41.85158066355003,-41.85158066,10.66316532,-52.51474598,LOSS,STOP_LOSS,2026-07-26T11:58:41.897675+00:00,2026-07-26T11:58:41.897915+00:00,8317.80138673
BTCUSDT,SHORT,63727.9,64276.95582069671,0.0757464093193234,64276.95582069671,62629.78835860658,41.58900693365003,-41.58900693,9.6959082,-51.28491514,LOSS,STOP_LOSS,2026-07-26T11:58:41.903152+00:00,2026-07-26T11:58:41.903483+00:00,8266.51647159
BTCUSDT,SHORT,64027.2,64648.51598825379,0.06652425358329336,64648.51598825379,62784.56802349241,41.33258235795003,-41.33258236,8.56005596,-49.89263832,LOSS,STOP_LOSS,2026-07-26T11:58:41.908729+00:00,2026-07-26T11:58:41.910061+00:00,8216.62383327
ETHUSDT,SHORT,1874.63,1897.3489788004608,1.808317157526333,1897.3489788004608,1829.192042399079,41.08311916635003,-41.08311917,6.82093431,-47.90405347,LOSS,STOP_LOSS,2026-07-26T11:58:41.915864+00:00,2026-07-26T11:58:41.916129+00:00,8168.7197798
BTCUSDT,LONG,65395.4,66492.4432010712,0.07446124064962721,64846.8783994644,66492.4432010712,40.843598899000035,81.6871978,9.82053243,71.86666537,WIN,TAKE_PROFIT,2026-07-26T11:58:41.921872+00:00,2026-07-26T11:58:41.922437+00:00,8240.58644517
ETHUSDT,LONG,1944.0,1990.6145775142745,1.7678131787521896,1920.6927112428627,1990.6145775142745,41.202932225850034,82.40586445,6.9556635,75.45020095,WIN,TAKE_PROFIT,2026-07-26T11:58:41.930138+00:00,2026-07-26T11:58:41.931919+00:00,8316.03664612
BTCUSDT,LONG,67311.6,66621.79900879652,0.0602785205600468,66621.79900879652,68691.20198240697,41.580183230600035,-41.58018323,8.07330715,-49.65349038,LOSS,STOP_LOSS,2026-07-26T11:58:41.937269+00:00,2026-07-26T11:58:41.938689+00:00,8266.38315574
SOLUSDT,SHORT,84.73,85.42570108686951,59.41045164193147,85.42570108686951,83.338597826261,41.33191577870003,-41.33191578,10.10902705,-51.44094283,LOSS,STOP_LOSS,2026-07-26T11:58:41.944114+00:00,2026-07-26T11:58:41.944457+00:00,8214.94221291
ETHUSDT,LONG,2005.86,1987.423707832642,2.227926889620175,1987.423707832642,2042.7325843347153,41.07471106455003,-41.07471106,8.89674415,-49.97145522,LOSS,STOP_LOSS,2026-07-26T11:58:41.949750+00:00,2026-07-26T11:58:41.950545+00:00,8164.97075769
ETHUSDT,LONG,1997.75,1976.9328606802048,1.9611173831953612,1976.9328606802048,2039.3842786395903,40.82485378845003,-40.82485379,7.79481965,-48.61967344,LOSS,STOP_LOSS,2026-07-26T11:58:41.956053+00:00,2026-07-26T11:58:41.956454+00:00,8116.35108425
BTCUSDT,SHORT,66112.2,66641.38921452164,0.07668666387680126,66641.38921452164,65053.8215709567,40.58175542125003,-40.58175542,10.18042987,-50.7621853,LOSS,STOP_LOSS,2026-07-26T11:58:41.961799+00:00,2026-07-26T11:58:41.962293+00:00,8065.58889895
BTCUSDT,SHORT,66386.5,65336.685950620056,0.07682873842004541,66911.40702468996,65336.685950620056,40.32794449475003,80.65588899,10.1201262,70.53576279,WIN,TAKE_PROFIT,2026-07-26T11:58:41.968069+00:00,2026-07-26T11:58:41.968753+00:00,8136.12466174
BTCUSDT,SHORT,65420.4,65918.7307468247,0.08163378151541326,65918.7307468247,64423.73850635061,40.68062330870003,-40.68062331,10.7217099,-51.40233321,LOSS,STOP_LOSS,2026-07-26T11:58:41.974481+00:00,2026-07-26T11:58:41.975073+00:00,8084.72232853
BTCUSDT,SHORT,65841.6,66404.27174333838,0.07184226348885615,66404.27174333838,64716.25651332324,40.42361164265003,-40.42361164,9.50084276,-49.92445441,LOSS,STOP_LOSS,2026-07-26T11:58:41.986109+00:00,2026-07-26T11:58:41.986889+00:00,8034.79787412
SOLUSDT,LONG,84.95,83.915040192567,38.816956061553256,83.915040192567,87.01991961486598,40.173989370600026,-40.17398937,6.55482685,-46.72881622,LOSS,STOP_LOSS,2026-07-26T11:58:41.992486+00:00,2026-07-26T11:58:41.992896+00:00,7988.0690579
ETHUSDT,SHORT,1944.18,1969.1519142608204,1.5994106367794387,1969.1519142608204,1894.2361714783597,39.94034528950003,-39.94034529,6.25902469,-46.19936998,LOSS,STOP_LOSS,2026-07-26T11:58:41.998538+00:00,2026-07-26T11:58:41.998969+00:00,7941.86968792
SOLUSDT,LONG,84.45,83.3741157765461,36.90857024756972,83.3741157765461,86.60176844690778,39.70934843960003,-39.70934844,6.19414817,-45.90349661,LOSS,STOP_LOSS,2026-07-26T11:58:42.004490+00:00,2026-07-26T11:58:42.005260+00:00,7895.96619131
SOLUSDT,SHORT,83.32,84.22231006547057,43.75417327962605,84.22231006547057,81.51537986905885,39.47983095655003,-39.47983096,7.33067527,-46.81050622,LOSS,STOP_LOSS,2026-07-26T11:58:42.010973+00:00,2026-07-26T11:58:42.012263+00:00,7849.15568509
ETHUSDT,SHORT,1945.44,1962.5176907197736,2.2980729109942994,1962.5176907197736,1911.2846185604533,39.24577842545003,-39.24577843,8.98077171,-48.22655013,LOSS,STOP_LOSS,2026-07-26T11:58:42.018018+00:00,2026-07-26T11:58:42.018855+00:00,7800.92913496
SOLUSDT,LONG,85.61,87.6418809803117,38.39264804655701,84.59405950984416,87.6418809803117,39.00464567480003,78.00929135,6.65159849,71.35769286,WIN,TAKE_PROFIT,2026-07-26T11:58:42.024566+00:00,2026-07-26T11:58:42.024858+00:00,7872.28682782
SOLUSDT,LONG,87.78,90.20246091028943,32.49706442891351,86.56876954485529,90.20246091028943,39.36143413910003,78.72286828,5.7839075,72.93896078,WIN,TAKE_PROFIT,2026-07-26T11:58:42.030855+00:00,2026-07-26T11:58:42.031507+00:00,7945.2257886
ETHUSDT,LONG,2063.35,2028.6426243084952,1.144601922545352,2028.6426243084952,2132.7647513830093,39.72612894300003,-39.72612894,4.68370262,-44.40983157,LOSS,STOP_LOSS,2026-07-26T11:58:42.039446+00:00,2026-07-26T11:58:42.039827+00:00,7900.81595703
ETHUSDT,LONG,2028.1,1994.0651769700307,1.1606959069646052,1994.0651769700307,2096.1696460599383,39.504079785150026,-39.50407979,4.66851066,-44.17259044,LOSS,STOP_LOSS,2026-07-26T11:58:42.045934+00:00,2026-07-26T11:58:42.048147+00:00,7856.64336659
ETHUSDT,SHORT,2006.01,1971.7625819609284,2.2940834131281465,2023.133709019536,1971.7625819609284,39.28321683295003,78.56643367,9.1253421,69.44109156,WIN,TAKE_PROFIT,2026-07-26T11:58:42.053845+00:00,2026-07-26T11:58:42.054697+00:00,7926.08445815
SOLUSDT,SHORT,84.31,85.14585757033143,47.41288910625804,85.14585757033143,82.63828485933716,39.63042229075003,-39.63042229,8.03439178,-47.66481407,LOSS,STOP_LOSS,2026-07-26T11:58:42.061595+00:00,2026-07-26T11:58:42.062546+00:00,7878.41964408
ETHUSDT,SHORT,1949.21,1967.783084328747,2.1209238876619962,1967.783084328747,1912.063831342506,39.39209822040003,-39.39209822,8.3076442,-47.69974242,LOSS,STOP_LOSS,2026-07-26T11:58:42.069207+00:00,2026-07-26T11:58:42.069669+00:00,7830.71990166
BTCUSDT,SHORT,66428.6,67033.25105411747,0.06475404159420088,67033.25105411747,65219.29789176507,39.15359950830003,-39.15359951,8.64219425,-47.79579376,LOSS,STOP_LOSS,2026-07-26T11:58:42.075741+00:00,2026-07-26T11:58:42.076134+00:00,7782.9241079
BTCUSDT,LONG,67692.5,69098.83324558382,0.055341962030265715,66989.3333772081,69098.83324558382,38.91462053950003,77.82924108,7.57030077,70.25894031,WIN,TAKE_PROFIT,2026-07-26T11:58:42.081922+00:00,2026-07-26T11:58:42.084848+00:00,7853.18304821
ETHUSDT,LONG,2005.72,2041.2619774801735,2.209551523291229,1987.9490112599133,2041.2619774801735,39.26591524105003,78.53183048,8.94201519,69.58981529,WIN,TAKE_PROFIT,2026-07-26T11:58:42.090822+00:00,2026-07-26T11:58:42.091205+00:00,7922.7728635
BTCUSDT,LONG,70993.7,72356.8079073293,0.05812285895269158,70312.14604633534,72356.8079073293,39.61386431750003,79.22772863,8.33194135,70.89578728,WIN,TAKE_PROFIT,2026-07-26T11:58:42.097488+00:00,2026-07-26T11:58:42.098795+00:00,7993.66865078
BTCUSDT,LONG,71379.1,72734.82911532151,0.05896213749812677,70701.23544233925,72734.82911532151,39.96834325390003,79.93668651,8.4972653,71.4394212,WIN,TAKE_PROFIT,2026-07-26T11:58:42.104914+00:00,2026-07-26T11:58:42.105357+00:00,8065.10807198
BTCUSDT,LONG,72930.9,72161.5480746426,0.05241494695833469,72161.5480746426,74469.60385071476,40.32554035990003,-40.32554036,7.60501297,-47.93055333,LOSS,STOP_LOSS,2026-07-26T11:58:42.111407+00:00,2026-07-26T11:58:42.115255+00:00,8017.17751865
SOLUSDT,SHORT,89.9,90.64677321462325,53.678796732785365,90.64677321462325,88.40645357075351,40.08588759325003,-40.08588759,9.69153354,-49.77742113,LOSS,STOP_LOSS,2026-07-26T11:58:42.122294+00:00,2026-07-26T11:58:42.122774+00:00,7967.40009752
SOLUSDT,LONG,90.81,90.06075774324809,53.16971931121391,90.06075774324809,92.30848451350384,39.83700048760002,-39.83700049,9.61684742,-49.45384791,LOSS,STOP_LOSS,2026-07-26T11:58:42.129504+00:00,2026-07-26T11:58:42.129986+00:00,7917.94624961
BTCUSDT,SHORT,72025.5,72511.67967587551,0.08143024731907368,72511.67967587551,71053.14064824897,39.58973124805002,-39.58973125,11.76969829,-51.35942954,LOSS,STOP_LOSS,2026-07-26T11:58:42.136611+00:00,2026-07-26T11:58:42.137044+00:00,7866.58682007
BTCUSDT,LONG,72576.6,72071.66228878808,0.07789660630802293,72071.66228878808,73586.47542242387,39.33293410035002,-39.3329341,11.26760874,-50.60054284,LOSS,STOP_LOSS,2026-07-26T11:58:42.143414+00:00,2026-07-26T11:58:42.144549+00:00,7815.98627723
ETHUSDT,SHORT,2098.03,2119.4488398718404,1.8245587352062431,2119.4488398718404,2055.1923202563194,39.07993138615002,-39.07993139,7.69503786,-46.77496924,LOSS,STOP_LOSS,2026-07-26T11:58:42.150960+00:00,2026-07-26T11:58:42.151216+00:00,7769.21130799
BTCUSDT,SHORT,71757.1,70393.94578580855,0.05699436811408927,72438.67710709573,70393.94578580855,38.84605653995002,77.69211308,8.10180903,69.59030405,WIN,TAKE_PROFIT,2026-07-26T11:58:42.159938+00:00,2026-07-26T11:58:42.162039+00:00,7838.80161204
BTCUSDT,SHORT,70423.0,70840.24569215109,0.09393508141003865,70840.24569215109,69588.50861569784,39.19400806020002,-39.19400806,13.26957448,-52.46358254,LOSS,STOP_LOSS,2026-07-26T11:58:42.168603+00:00,2026-07-26T11:58:42.168916+00:00,7786.3380295
BTCUSDT,LONG,71217.0,70761.93917360442,0.08555271710788223,70761.93917360442,72127.12165279116,38.93169014750002,-38.93169015,12.14668402,-51.07837417,LOSS,STOP_LOSS,2026-07-26T11:58:42.175089+00:00,2026-07-26T11:58:42.175821+00:00,7735.25965533
BTCUSDT,SHORT,70487.0,70919.88676187054,0.08934507054345193,70919.88676187054,69621.22647625892,38.67629827665002,-38.67629828,12.63400827,-51.31030655,LOSS,STOP_LOSS,2026-07-26T11:58:42.181933+00:00,2026-07-26T11:58:42.182790+00:00,7683.94934878
ETHUSDT,LONG,2079.32,2066.010206231647,2.8865771635959265,2066.010206231647,2105.9395875367068,38.41974674390002,-38.41974674,11.96581551,-50.38556225,LOSS,STOP_LOSS,2026-07-26T11:58:42.188910+00:00,2026-07-26T11:58:42.189203+00:00,7633.56378653
ETHUSDT,SHORT,2063.74,2036.1138250321253,2.763163483691392,2077.553087483937,2036.1138250321253,38.16781893265002,76.33563787,11.32856638,65.00707149,WIN,TAKE_PROFIT,2026-07-26T11:58:42.195867+00:00,2026-07-26T11:58:42.196889+00:00,7698.57085802
BTCUSDT,SHORT,68078.0,68337.90047159561,0.14810613483608137,68337.90047159561,67558.1990568088,38.49285429010003,-38.49285429,20.20403175,-58.69688604,LOSS,STOP_LOSS,2026-07-26T11:58:42.203282+00:00,2026-07-26T11:58:42.203631+00:00,7639.87397198
BTCUSDT,SHORT,68202.7,67645.05648067253,0.13700282899716668,68481.52175966374,67645.05648067253,38.199369859900024,76.39873972,18.61152695,57.78721277,WIN,TAKE_PROFIT,2026-07-26T11:58:42.209923+00:00,2026-07-26T11:58:42.210908+00:00,7697.66118475
BTCUSDT,SHORT,67665.7,67933.70987064259,0.14360779262147666,67933.70987064259,67129.68025871481,38.488305923750026,-38.48830592,19.47313193,-57.96143786,LOSS,STOP_LOSS,2026-07-26T11:58:42.217069+00:00,2026-07-26T11:58:42.217664+00:00,7639.69974689
SOLUSDT,SHORT,84.24,83.50044281057993,103.30100033076154,84.60977859471004,83.50044281057993,38.19849873445003,76.39699747,17.32775554,59.06924193,WIN,TAKE_PROFIT,2026-07-26T11:58:42.224147+00:00,2026-07-26T11:58:42.224848+00:00,7698.76898882
SOLUSDT,SHORT,83.5,83.98503068415472,79.3637314125482,83.98503068415472,82.52993863169056,38.493844944100026,-38.49384494,13.29223699,-51.78608193,LOSS,STOP_LOSS,2026-07-26T11:58:42.231157+00:00,2026-07-26T11:58:42.231703+00:00,7646.98290689
SOLUSDT,SHORT,83.92,83.08304866620091,91.36711536355092,84.33847566689955,83.08304866620091,38.23491453445003,76.46982907,15.25858681,61.21124226,WIN,TAKE_PROFIT,2026-07-26T11:58:42.237863+00:00,2026-07-26T11:58:42.238156+00:00,7708.19414915
ETHUSDT,SHORT,1970.53,1953.876143067372,4.628473860639581,1978.856928466314,1953.876143067372,38.54097074575003,77.08194149,18.16401125,58.91793024,WIN,TAKE_PROFIT,2026-07-26T11:58:42.244490+00:00,2026-07-26T11:58:42.244983+00:00,7767.11207939
ETHUSDT,SHORT,1954.01,1963.8712042603318,3.9382168112238043,1963.8712042603318,1934.2875914793367,38.83556039695003,-38.8355604,15.42946562,-54.26502602,LOSS,STOP_LOSS,2026-07-26T11:58:42.251564+00:00,2026-07-26T11:58:42.251852+00:00,7712.84705337
ETHUSDT,SHORT,1961.8,1972.1504039560223,3.7258676502584103,1972.1504039560223,1941.0991920879553,38.56423526685003,-38.56423527,14.65737855,-53.22161381,LOSS,STOP_LOSS,2026-07-26T11:58:42.258084+00:00,2026-07-26T11:58:42.259147+00:00,7659.62543956
BTCUSDT,SHORT,67314.1,66835.0780395598,0.15990134215394042,67553.61098022011,66835.0780395598,38.29812719780003,76.5962544,21.45063362,55.14562078,WIN,TAKE_PROFIT,2026-07-26T11:58:42.265486+00:00,2026-07-26T11:58:42.266390+00:00,7714.77106034
BTCUSDT,SHORT,66894.8,67189.8984807416,0.13071519448274702,67189.8984807416,66304.60303851683,38.57385530170003,-38.5738553,17.52690744,-56.10076274,LOSS,STOP_LOSS,2026-07-26T11:58:42.272669+00:00,2026-07-26T11:58:42.273420+00:00,7658.6702976
ETHUSDT,SHORT,1947.86,1958.6817449388432,3.5385560927934394,1958.6817449388432,1926.2165101223136,38.29335148800003,-38.29335149,13.82351709,-52.11686858,LOSS,STOP_LOSS,2026-07-26T11:58:42.280149+00:00,2026-07-26T11:58:42.280655+00:00,7606.55342902
ETHUSDT,SHORT,1950.01,1959.701357072576,3.9244005623033447,1959.701357072576,1930.6272858548477,38.032767145100024,-38.03276715,15.34327345,-53.37604059,LOSS,STOP_LOSS,2026-07-26T11:58:42.287508+00:00,2026-07-26T11:58:42.287891+00:00,7553.17738843
ETHUSDT,SHORT,1955.18,1932.3901043907447,3.3142659000871233,1966.5749478046278,1932.3901043907447,37.765886942150026,75.53177388,12.88444103,62.64733285,WIN,TAKE_PROFIT,2026-07-26T11:58:42.294275+00:00,2026-07-26T11:58:42.294814+00:00,7615.82472128
ETHUSDT,SHORT,1934.21,1948.0328425460218,2.754796886358185,1948.0328425460218,1906.5643149079567,38.079123606400024,-38.07912361,10.69479049,-48.7739141,LOSS,STOP_LOSS,2026-07-26T11:58:42.301867+00:00,2026-07-26T11:58:42.302122+00:00,7567.05080718
ETHUSDT,SHORT,1948.04,1963.6429966498772,2.424870996572157,1963.6429966498772,1916.8340067002453,37.83525403590002,-37.83525404,9.48532665,-47.32058068,LOSS,STOP_LOSS,2026-07-26T11:58:42.308826+00:00,2026-07-26T11:58:42.310384+00:00,7519.7302265
BTCUSDT,SHORT,67070.8,67416.54580897646,0.10874651306347412,67416.54580897646,66379.30838204708,37.598651132500024,-37.59865113,14.62502991,-52.22368104,LOSS,STOP_LOSS,2026-07-26T11:58:42.317099+00:00,2026-07-26T11:58:42.317459+00:00,7467.50654546
BTCUSDT,SHORT,66733.5,65931.41057891626,0.09310067368012721,67134.54471054187,65931.41057891626,37.33753272730002,74.67506545,12.35119255,62.32387291,WIN,TAKE_PROFIT,2026-07-26T11:58:42.324354+00:00,2026-07-26T11:58:42.324799+00:00,7529.83041837
ETHUSDT,SHORT,1927.72,1946.2224221020217,2.034822894227242,1946.2224221020217,1890.7151557959564,37.64915209185003,-37.64915209,7.88278673,-45.53193882,LOSS,STOP_LOSS,2026-07-26T11:58:42.332101+00:00,2026-07-26T11:58:42.332652+00:00,7484.29847955
BTCUSDT,SHORT,66198.4,66730.54806031157,0.07032158000508228,66730.54806031157,65134.10387937684,37.42149239775003,-37.4214924,9.34777366,-46.76926605,LOSS,STOP_LOSS,2026-07-26T11:58:42.341115+00:00,2026-07-26T11:58:42.342115+00:00,7437.5292135
BTCUSDT,LONG,67893.0,67335.90218931547,0.06675245415487494,67335.90218931547,69007.19562136906,37.187646067500026,-37.18764607,9.02686109,-46.21450716,LOSS,STOP_LOSS,2026-07-26T11:58:42.348717+00:00,2026-07-26T11:58:42.349101+00:00,7391.31470634
SOLUSDT,SHORT,82.75,83.63826864403043,41.605176294429356,83.63826864403043,80.97346271193912,36.95657353170003,-36.95657353,6.92261325,-43.87918678,LOSS,STOP_LOSS,2026-07-26T11:58:42.355860+00:00,2026-07-26T11:58:42.356539+00:00,7347.43551956
SOLUSDT,LONG,83.69,85.40075511560657,42.94849363612682,82.83462244219672,85.40075511560657,36.73717759780003,73.4743552,7.26219322,66.21216198,WIN,TAKE_PROFIT,2026-07-26T11:58:42.363419+00:00,2026-07-26T11:58:42.364734+00:00,7413.64768154
ETHUSDT,LONG,2020.06,2000.0358562002293,1.8511771978048182,2000.0358562002293,2060.108287599541,37.06823840770003,-37.06823841,7.44190978,-44.51014819,LOSS,STOP_LOSS,2026-07-26T11:58:42.371516+00:00,2026-07-26T11:58:42.373081+00:00,7369.13753335
BTCUSDT,LONG,68943.4,69780.17577973142,0.08806585601360498,68525.01211013428,69780.17577973142,36.845687666750024,73.69137533,12.21681045,61.47456488,WIN,TAKE_PROFIT,2026-07-26T11:58:42.379964+00:00,2026-07-26T11:58:42.380643+00:00,7430.61209823
SOLUSDT,LONG,86.62,85.81405362352388,46.09867551436374,85.81405362352388,88.23189275295225,37.15306049115003,-37.15306049,7.94898149,-45.10204198,LOSS,STOP_LOSS,2026-07-26T11:58:42.387303+00:00,2026-07-26T11:58:42.387768+00:00,7385.51005625
SOLUSDT,LONG,86.64,85.8854733842685,48.94134880245318,85.8854733842685,88.149053231463,36.92755028125003,-36.92755028,8.44362937,-45.37117965,LOSS,STOP_LOSS,2026-07-26T11:58:42.394391+00:00,2026-07-26T11:58:42.396020+00:00,7340.1388766
BTCUSDT,LONG,70410.0,71626.4500862934,0.0603406498902546,69801.7749568533,71626.4500862934,36.70069438300003,73.40138877,8.57057171,64.83081706,WIN,TAKE_PROFIT,2026-07-26T11:58:42.402766+00:00,2026-07-26T11:58:42.403070+00:00,7404.96969366
BTCUSDT,LONG,71157.8,70444.53861075616,0.05190922854740775,70444.53861075616,72584.32277848768,37.02484846830003,-37.02484847,7.35046816,-44.37531663,LOSS,STOP_LOSS,2026-07-26T11:58:42.409958+00:00,2026-07-26T11:58:42.410936+00:00,7360.59437703
BTCUSDT,SHORT,69697.5,70242.80288696567,0.06749088032513431,70242.80288696567,68606.89422606867,36.80297188515003,-36.80297189,9.44469423,-46.24766612,LOSS,STOP_LOSS,2026-07-26T11:58:42.418040+00:00,2026-07-26T11:58:42.419596+00:00,7314.34671091
BTCUSDT,LONG,70089.7,69729.6478770133,0.10157344234268119,69729.6478770133,70809.80424597341,36.57173355455003,-36.57173355,14.20193247,-50.77366602,LOSS,STOP_LOSS,2026-07-26T11:58:42.426466+00:00,2026-07-26T11:58:42.426860+00:00,7263.57304489
BTCUSDT,SHORT,69494.9,69879.88808826596,0.09433503615145829,69879.88808826596,68724.92382346808,36.31786522445003,-36.31786522,13.14792567,-49.4657909,LOSS,STOP_LOSS,2026-07-26T11:58:42.433723+00:00,2026-07-26T11:58:42.434109+00:00,7214.10725399
BTCUSDT,LONG,69907.0,69547.74523644066,0.1004037800712224,69547.74523644066,70625.50952711866,36.07053626995003,-36.07053627,14.00178357,-50.07231984,LOSS,STOP_LOSS,2026-07-26T11:58:42.441207+00:00,2026-07-26T11:58:42.441638+00:00,7164.03493415
BTCUSDT,SHORT,69500.0,69849.34189706262,0.1025361543288591,69849.34189706262,68801.31620587474,35.82017467075003,-35.82017467,14.28834563,-50.1085203,LOSS,STOP_LOSS,2026-07-26T11:58:42.448423+00:00,2026-07-26T11:58:42.449575+00:00,7113.92641385
ETHUSDT,LONG,2049.88,2030.3137295256415,1.817905569478034,2030.3137295256415,2089.0125409487173,35.56963206925003,-35.56963207,7.41740691,-42.98703897,LOSS,STOP_LOSS,2026-07-26T11:58:42.456481+00:00,2026-07-26T11:58:42.456990+00:00,7070.93937488
BTCUSDT,LONG,70024.8,69319.80626688474,0.05014895198879667,69319.80626688474,71434.78746623054,35.35469687440003,-35.35469687,6.98798597,-42.34268284,LOSS,STOP_LOSS,2026-07-26T11:58:42.463915+00:00,2026-07-26T11:58:42.465907+00:00,7028.59669204
SOLUSDT,SHORT,85.15,85.63971805039391,71.76166659965364,85.63971805039391,84.17056389921218,35.14298346020003,-35.14298346,12.25615481,-47.39913827,LOSS,STOP_LOSS,2026-07-26T11:58:42.473013+00:00,2026-07-26T11:58:42.473372+00:00,6981.19755377
BTCUSDT,LONG,69782.6,70348.15959415516,0.1234387609355057,69499.82020292243,70348.15959415516,34.90598776885003,69.81197554,17.29756733,52.5144082,WIN,TAKE_PROFIT,2026-07-26T11:58:42.480481+00:00,2026-07-26T11:58:42.481178+00:00,7033.71196197
BTCUSDT,LONG,69914.9,70687.59102965861,0.09102877724719483,69528.55448517068,70687.59102965861,35.16855980985003,70.33711962,12.79887284,57.53824678,WIN,TAKE_PROFIT,2026-07-26T11:58:42.488403+00:00,2026-07-26T11:58:42.488955+00:00,7091.25020875
SOLUSDT,LONG,86.94,86.33137092781922,58.255927402066334,86.33137092781922,88.15725814436153,35.45625104375003,-35.45625104,10.09408441,-45.55033545,LOSS,STOP_LOSS,2026-07-26T11:58:42.495862+00:00,2026-07-26T11:58:42.496498+00:00,7045.6998733
ETHUSDT,LONG,2064.54,2047.6260900359082,2.082812279436876,2047.6260900359082,2098.3678199281835,35.22849936650003,-35.22849937,8.56487003,-43.79336939,LOSS,STOP_LOSS,2026-07-26T11:58:42.503555+00:00,2026-07-26T11:58:42.503905+00:00,7001.90650391
ETHUSDT,LONG,2067.5,2044.936344894311,1.5515895964357018,2044.936344894311,2112.627310211378,35.00953251955003,-35.00953252,6.38081345,-41.39034597,LOSS,STOP_LOSS,2026-07-26T11:58:42.511132+00:00,2026-07-26T11:58:42.512218+00:00,6960.51615794
ETHUSDT,LONG,2060.78,2097.343859733691,1.9036601192095788,2042.498070133155,2097.343859733691,34.80258078970003,69.60516158,7.91565456,61.68950702,WIN,TAKE_PROFIT,2026-07-26T11:58:42.519849+00:00,2026-07-26T11:58:42.520928+00:00,7022.20566496
BTCUSDT,LONG,71449.1,70998.65785707023,0.07794792045084738,70998.65785707023,72349.98428585958,35.11102832480003,-35.11102832,11.1035065,-46.21453482,LOSS,STOP_LOSS,2026-07-26T11:58:42.528376+00:00,2026-07-26T11:58:42.529146+00:00,6975.99113014
BTCUSDT,LONG,71117.8,71953.64072925216,0.08346077052719798,70699.87963537393,71953.64072925216,34.87995565070003,69.7599113,11.94085268,57.81905862,WIN,TAKE_PROFIT,2026-07-26T11:58:42.536636+00:00,2026-07-26T11:58:42.538010+00:00,7033.81018876
BTCUSDT,LONG,71890.0,72639.54696254974,0.09384082039146849,71515.22651872513,72639.54696254974,35.16905094380003,70.33810189,13.56277126,56.77533063,WIN,TAKE_PROFIT,2026-07-26T11:58:42.546261+00:00,2026-07-26T11:58:42.547450+00:00,7090.58551939
BTCUSDT,LONG,72735.3,73514.14379544294,0.09103989222071787,72345.87810227853,73514.14379544294,35.45292759695003,70.90585519,13.3145336,57.59132159,WIN,TAKE_PROFIT,2026-07-26T11:58:42.555512+00:00,2026-07-26T11:58:42.556029+00:00,7148.17684098
BTCUSDT,LONG,73344.8,72880.69838554709,0.07701090255208873,72880.69838554709,74273.00322890581,35.74088420490003,-35.7408842,11.26095761,-47.00184181,LOSS,STOP_LOSS,2026-07-26T11:58:42.563906+00:00,2026-07-26T11:58:42.564279+00:00,7101.17499917
BTCUSDT,LONG,72899.9,72335.38371102294,0.06289610360081777,72335.38371102294,74028.93257795411,35.50587499585003,-35.505875,9.13473345,-44.64060845,LOSS,STOP_LOSS,2026-07-26T11:58:42.572254+00:00,2026-07-26T11:58:42.572686+00:00,7056.53439072
ETHUSDT,LONG,2150.39,2124.6833240513615,1.3725100835321744,2124.6833240513615,2201.8033518972766,35.28267195360003,-35.28267195,5.86758125,-41.1502532,LOSS,STOP_LOSS,2026-07-26T11:58:42.580635+00:00,2026-07-26T11:58:42.581076+00:00,7015.38413752
BTCUSDT,SHORT,70810.7,71271.55291538111,0.07611304934154989,71271.55291538111,69888.99416923776,35.07692068760003,-35.07692069,10.81431353,-45.89123421,LOSS,STOP_LOSS,2026-07-26T11:58:42.589306+00:00,2026-07-26T11:58:42.590813+00:00,6969.49290331
BTCUSDT,LONG,71236.6,70962.70304511687,0.12722837510704588,70962.70304511687,71784.3939097663,34.847464516550026,-34.84746452,18.09178627,-52.93925078,LOSS,STOP_LOSS,2026-07-26T11:58:42.598838+00:00,2026-07-26T11:58:42.599159+00:00,6916.55365253
BTCUSDT,LONG,71070.1,70787.60288073852,0.12241812714075684,70787.60288073852,71635.09423852297,34.58276826265003,-34.58276826,17.36595431,-51.94872257,LOSS,STOP_LOSS,2026-07-26T11:58:42.606891+00:00,2026-07-26T11:58:42.607308+00:00,6864.60492996
BTCUSDT,SHORT,70669.9,70935.80072691428,0.12908210161028671,70935.80072691428,70138.0985461714,34.323024649800026,-34.32302465,18.27876145,-52.6017861,LOSS,STOP_LOSS,2026-07-26T11:58:42.615206+00:00,2026-07-26T11:58:42.618468+00:00,6812.00314386
ETHUSDT,LONG,2092.69,2085.8571511406367,4.984745955945838,2085.8571511406367,2106.3556977187263,34.060015719300026,-34.06001572,20.82899601,-54.88901173,LOSS,STOP_LOSS,2026-07-26T11:58:42.629382+00:00,2026-07-26T11:58:42.629861+00:00,6757.11413213
BTCUSDT,LONG,71035.5,70828.6249127685,0.16331386786483007,70828.6249127685,71449.250174463,33.78557066065002,-33.78557066,23.16837895,-56.95394961,LOSS,STOP_LOSS,2026-07-26T11:58:42.638026+00:00,2026-07-26T11:58:42.638480+00:00,6700.16018252
SOLUSDT,LONG,87.59,88.35304291439573,87.80843195203603,87.20847854280214,88.35304291439573,33.50080091260003,67.00160183,15.44928271,51.55231911,WIN,TAKE_PROFIT,2026-07-26T11:58:42.645767+00:00,2026-07-26T11:58:42.646181+00:00,6751.71250163
ETHUSDT,LONG,2100.82,2119.689750996857,3.5780612593958874,2091.3851245015717,2119.689750996857,33.75856250815003,67.51712502,15.10124243,52.41588258,WIN,TAKE_PROFIT,2026-07-26T11:58:42.653490+00:00,2026-07-26T11:58:42.654801+00:00,6804.12838421
BTCUSDT,LONG,71779.8,71557.52013438332,0.1530531873710811,71557.52013438332,72224.35973123339,34.02064192105002,-34.02064192,21.93823372,-55.95887564,LOSS,STOP_LOSS,2026-07-26T11:58:42.662116+00:00,2026-07-26T11:58:42.663010+00:00,6748.16950857
BTCUSDT,LONG,71588.0,71326.70272926596,0.1291282050059892,71326.70272926596,72110.59454146808,33.74084754285003,-33.74084754,18.45431903,-52.19516658,LOSS,STOP_LOSS,2026-07-26T11:58:42.670383+00:00,2026-07-26T11:58:42.670917+00:00,6695.97434199
SOLUSDT,SHORT,87.66,88.09644519594954,76.71036826768196,88.09644519594954,86.7871096081009,33.479871709950025,-33.47987171,13.48234164,-46.96221335,LOSS,STOP_LOSS,2026-07-26T11:58:42.678358+00:00,2026-07-26T11:58:42.678921+00:00,6649.01212864
BTCUSDT,LONG,71788.0,71525.4891424337,0.12664261185769657,71525.4891424337,72313.0217151326,33.24506064320003,-33.24506064,18.14959458,-51.39465522,LOSS,STOP_LOSS,2026-07-26T11:58:42.686590+00:00,2026-07-26T11:58:42.686997+00:00,6597.61747342
ETHUSDT,SHORT,2098.05,2108.9875106185327,3.0160507740403526,2108.9875106185327,2076.1749787629346,32.98808736710003,-32.98808737,12.68863874,-45.67672611,LOSS,STOP_LOSS,2026-07-26T11:58:42.694796+00:00,2026-07-26T11:58:42.695047+00:00,6551.94074731
ETHUSDT,LONG,2110.28,2133.9482340058466,2.768242339369962,2098.4458829970768,2133.9482340058466,32.75970373655003,65.51940747,11.7490523,53.77035518,WIN,TAKE_PROFIT,2026-07-26T11:58:42.702841+00:00,2026-07-26T11:58:42.703300+00:00,6605.71110249
BTCUSDT,LONG,71810.0,72364.23993934579,0.11918504303907115,71532.8800303271,72364.23993934579,33.028555512450026,66.05711102,17.18341299,48.87369803,WIN,TAKE_PROFIT,2026-07-26T11:58:42.710972+00:00,2026-07-26T11:58:42.711561+00:00,6654.58480052
BTCUSDT,LONG,72350.1,73112.23918244657,0.0873145608280874,71969.03040877671,73112.23918244657,33.27292400260003,66.54584801,12.70098026,53.84486774,WIN,TAKE_PROFIT,2026-07-26T11:58:42.719679+00:00,2026-07-26T11:58:42.719925+00:00,6708.42966826
BTCUSDT,LONG,72715.6,72278.16752243553,0.07667960213666528,72278.16752243553,73590.46495512896,33.54214834130003,-33.54214834,11.11806441,-44.66021275,LOSS,STOP_LOSS,2026-07-26T11:58:42.727584+00:00,2026-07-26T11:58:42.728149+00:00,6663.76945551
BTCUSDT,LONG,72288.3,73237.19445471039,0.07022666664801908,71813.85277264481,73237.19445471039,33.31884727755003,66.63769456,10.21977039,56.41792417,WIN,TAKE_PROFIT,2026-07-26T11:58:42.735769+00:00,2026-07-26T11:58:42.736432+00:00,6720.18737968
BTCUSDT,LONG,73747.1,73193.87573290693,0.06073655639684239,73193.87573290693,74853.54853418615,33.60093689840003,-33.6009369,8.92468886,-42.52562576,LOSS,STOP_LOSS,2026-07-26T11:58:42.744158+00:00,2026-07-26T11:58:42.745187+00:00,6677.66175392
ETHUSDT,LONG,2242.6,2283.9502512173203,1.6149023421465758,2221.9248743913395,2283.9502512173203,33.38830876960002,66.77661754,7.3099366,59.46668094,WIN,TAKE_PROFIT,2026-07-26T11:58:42.752992+00:00,2026-07-26T11:58:42.753774+00:00,6737.12843486
BTCUSDT,LONG,73560.1,74379.95583337365,0.08217455021497126,73150.17208331318,74379.95583337365,33.68564217430002,67.37128435,12.15690755,55.2143768,WIN,TAKE_PROFIT,2026-07-26T11:58:42.761372+00:00,2026-07-26T11:58:42.761861+00:00,6792.34281166
BTCUSDT,LONG,74045.7,73600.54709491192,0.07629224401350548,73600.54709491192,74936.00581017614,33.961714058300025,-33.96171406,11.26426351,-45.22597757,LOSS,STOP_LOSS,2026-07-26T11:58:42.769478+00:00,2026-07-26T11:58:42.769807+00:00,6747.11683409
ETHUSDT,LONG,2279.64,2254.930181615306,1.3652704218719345,2254.930181615306,2329.059636769388,33.73558417045002,-33.73558417,6.19091454,-39.92649872,LOSS,STOP_LOSS,2026-07-26T11:58:42.777278+00:00,2026-07-26T11:58:42.777555+00:00,6707.19033537
ETHUSDT,LONG,2286.84,2342.2719317042174,1.2099867583831179,2259.1240341478915,2342.2719317042174,33.53595167685002,67.07190335,5.60116414,61.47073921,WIN,TAKE_PROFIT,2026-07-26T11:58:42.785226+00:00,2026-07-26T11:58:42.786103+00:00,6768.66107458
BTCUSDT,LONG,74217.7,75286.09392113563,0.06335360900767137,73683.50303943218,75286.09392113563,33.84330537290002,67.68661075,9.47160491,58.21500584,WIN,TAKE_PROFIT,2026-07-26T11:58:42.794265+00:00,2026-07-26T11:58:42.795578+00:00,6826.87608042
ETHUSDT,LONG,2366.2,2339.520739911796,1.2794350476455938,2339.520739911796,2419.558520176407,34.13438040210002,-34.1343804,6.02066404,-40.15504444,LOSS,STOP_LOSS,2026-07-26T11:58:42.803919+00:00,2026-07-26T11:58:42.804733+00:00,6786.72103598
ETHUSDT,LONG,2334.25,2311.9766956193876,1.5235101447020645,2311.9766956193876,2378.796608761225,33.93360517990002,-33.93360518,7.07857351,-41.01217869,LOSS,STOP_LOSS,2026-07-26T11:58:42.813483+00:00,2026-07-26T11:58:42.813987+00:00,6745.70885729
ETHUSDT,SHORT,2309.6,2331.2895091212226,1.5550625926083081,2331.2895091212226,2266.2209817575545,33.72854428645002,-33.72854429,7.21687367,-40.94541796,LOSS,STOP_LOSS,2026-07-26T11:58:42.823011+00:00,2026-07-26T11:58:42.823653+00:00,6704.76343933
ETHUSDT,LONG,2327.24,2307.8981302374877,1.7332252573443043,2307.8981302374877,2365.923739525024,33.52381719665002,-33.5238172,8.03373848,-41.55755568,LOSS,STOP_LOSS,2026-07-26T11:58:42.832363+00:00,2026-07-26T11:58:42.833379+00:00,6663.20588365
BTCUSDT,SHORT,73857.3,74397.0399109793,0.061726080915160984,74397.0399109793,72777.82017804141,33.31602941825002,-33.31602942,9.15115938,-42.4671888,LOSS,STOP_LOSS,2026-07-26T11:58:42.841290+00:00,2026-07-26T11:58:42.841878+00:00,6620.73869485
ETHUSDT,LONG,2328.17,2306.377454192187,1.5190374619922382,2306.377454192187,2371.7550916156265,33.103693474250015,-33.10369347,7.0400512,-40.14374468,LOSS,STOP_LOSS,2026-07-26T11:58:42.849696+00:00,2026-07-26T11:58:42.851139+00:00,6580.59495017
BTCUSDT,SHORT,73691.8,74084.55338187992,0.08377515323575396,74084.55338187992,72906.29323624018,32.902974750850014,-32.90297475,12.37998665,-45.2829614,LOSS,STOP_LOSS,2026-07-26T11:58:42.859106+00:00,2026-07-26T11:58:42.859573+00:00,6535.31198877
ETHUSDT,LONG,2329.21,2315.4695726899195,2.3781327324425763,2315.4695726899195,2356.6908546201607,32.676559943850016,-32.67655994,11.04566452,-43.72222447,LOSS,STOP_LOSS,2026-07-26T11:58:42.867626+00:00,2026-07-26T11:58:42.868571+00:00,6491.5897643
BTCUSDT,SHORT,73911.2,74208.97527624076,0.10900149008763624,74208.97527624076,73315.64944751849,32.45794882150002,-32.45794882,16.14531982,-48.60326864,LOSS,STOP_LOSS,2026-07-26T11:58:42.876505+00:00,2026-07-26T11:58:42.877291+00:00,6442.98649566
BTCUSDT,LONG,74204.0,73948.72681040522,0.12619786875949904,73948.72681040522,74714.54637918955,32.214932478300014,-32.21493248,18.69655837,-50.91149085,LOSS,STOP_LOSS,2026-07-26T11:58:42.885197+00:00,2026-07-26T11:58:42.885612+00:00,6392.07500481
BTCUSDT,SHORT,73837.6,73308.87193523448,0.12089532277134944,74101.96403238278,73308.87193523448,31.960375024050016,63.92075005,17.78932022,46.13142983,WIN,TAKE_PROFIT,2026-07-26T11:58:42.893552+00:00,2026-07-26T11:58:42.893930+00:00,6438.20643464
ETHUSDT,SHORT,2180.26,2204.179295406179,1.3458185797933184,2204.179295406179,2132.4214091876433,32.19103217320002,-32.19103217,5.90065987,-38.09169204,LOSS,STOP_LOSS,2026-07-26T11:58:42.901890+00:00,2026-07-26T11:58:42.902719+00:00,6400.1147426
BTCUSDT,SHORT,70835.9,70122.14930023103,0.089668770127605,71192.77534988447,70122.14930023103,32.00057371300002,64.00114743,12.63953492,51.36161251,WIN,TAKE_PROFIT,2026-07-26T11:58:42.910575+00:00,2026-07-26T11:58:42.911390+00:00,6451.47635511
SOLUSDT,SHORT,89.41,90.0138747976479,53.41733402551778,90.0138747976479,88.20225040470419,32.25738177555002,-32.25738178,9.58434505,-41.84172683,LOSS,STOP_LOSS,2026-07-26T11:58:42.919559+00:00,2026-07-26T11:58:42.920131+00:00,6409.63462828
BTCUSDT,SHORT,69773.1,70136.77277123374,0.08812365312002568,70136.77277123374,69045.75445753254,32.04817314140002,-32.04817314,12.3293691,-44.37754224,LOSS,STOP_LOSS,2026-07-26T11:58:42.928126+00:00,2026-07-26T11:58:42.928789+00:00,6365.25708604
BTCUSDT,SHORT,69478.4,70004.75534525722,0.060465397980611034,70004.75534525722,68425.68930948555,31.82628543020002,-31.82628543,8.4339045,-40.26018993,LOSS,STOP_LOSS,2026-07-26T11:58:42.936993+00:00,2026-07-26T11:58:42.938023+00:00,6324.99689611
BTCUSDT,SHORT,70036.9,70466.3823535384,0.07363511962714805,70466.3823535384,69177.93529292317,31.62498448055002,-31.62498448,10.345976,-41.97096048,LOSS,STOP_LOSS,2026-07-26T11:58:42.946997+00:00,2026-07-26T11:58:42.947751+00:00,6283.02593563
BTCUSDT,LONG,70540.4,70170.06845631095,0.08482974300598287,70170.06845631095,71281.06308737808,31.41512967815002,-31.41512968,11.93643288,-43.35156256,LOSS,STOP_LOSS,2026-07-26T11:58:42.956059+00:00,2026-07-26T11:58:42.956556+00:00,6239.67437307
BTCUSDT,LONG,70696.1,70343.86864906052,0.08857352357232164,70343.86864906052,71400.562701879,31.19837186535002,-31.19837187,12.49240699,-43.69077885,LOSS,STOP_LOSS,2026-07-26T11:58:42.965006+00:00,2026-07-26T11:58:42.965883+00:00,6195.98359422
BTCUSDT,SHORT,70244.0,70566.55203755232,0.09604626343764752,70566.55203755232,69598.89592489536,30.97991797110002,-30.97991797,13.52432738,-44.50424535,LOSS,STOP_LOSS,2026-07-26T11:58:42.974379+00:00,2026-07-26T11:58:42.974760+00:00,6151.47934887
BTCUSDT,LONG,70819.5,70465.27528394724,0.08683018250981772,70465.27528394724,71527.94943210552,30.757396744350018,-30.75739674,12.26778282,-43.02517957,LOSS,STOP_LOSS,2026-07-26T11:58:42.983844+00:00,2026-07-26T11:58:42.984437+00:00,6108.4541693
BTCUSDT,SHORT,70471.1,69729.9293730838,0.08241630128699876,70841.6853134581,69729.9293730838,30.542270846500017,61.08454169,11.55485028,49.52969142,WIN,TAKE_PROFIT,2026-07-26T11:58:42.993257+00:00,2026-07-26T11:58:42.994226+00:00,6157.98386072
BTCUSDT,SHORT,69781.2,70243.06973773114,0.06666364298914583,70243.06973773114,68857.46052453769,30.78991930360002,-30.7899193,9.33452793,-40.12444723,LOSS,STOP_LOSS,2026-07-26T11:58:43.002677+00:00,2026-07-26T11:58:43.004071+00:00,6117.85941349
ETHUSDT,LONG,2159.65,2143.073150151167,1.845302174200646,2143.073150151167,2192.803699697667,30.589297067450016,-30.58929707,7.93982438,-38.52912145,LOSS,STOP_LOSS,2026-07-26T11:58:43.012797+00:00,2026-07-26T11:58:43.013217+00:00,6079.33029204
SOLUSDT,LONG,89.83,89.3499584920807,63.3208815461649,89.3499584920807,90.79008301583859,30.396651460200015,-30.39665146,11.34583293,-41.74248439,LOSS,STOP_LOSS,2026-07-26T11:58:43.021609+00:00,2026-07-26T11:58:43.024054+00:00,6037.58780765
SOLUSDT,SHORT,89.64,89.99921343610397,84.03900301076753,89.99921343610397,88.92157312779206,30.187939038250015,-30.18793904,15.0967004,-45.28463944,LOSS,STOP_LOSS,2026-07-26T11:58:43.032496+00:00,2026-07-26T11:58:43.033652+00:00,5992.30316821
BTCUSDT,SHORT,70337.5,70004.238247748,0.17980770753671071,70504.130876126,70004.238247748,29.961515841050012,59.92303168,25.23452623,34.68850546,WIN,TAKE_PROFIT,2026-07-26T11:58:43.042112+00:00,2026-07-26T11:58:43.042923+00:00,6026.99167367
BTCUSDT,SHORT,68881.5,68243.2134285639,0.09442454131707133,69200.64328571805,68243.2134285639,30.134958368350013,60.26991674,12.94793817,47.32197857,WIN,TAKE_PROFIT,2026-07-26T11:58:43.051162+00:00,2026-07-26T11:58:43.051453+00:00,6074.31365224
BTCUSDT,SHORT,68652.2,69026.65447959532,0.08110883943496168,69026.65447959532,67903.29104080933,30.371568261200014,-30.37156826,11.1669721,-41.53854036,LOSS,STOP_LOSS,2026-07-26T11:58:43.059829+00:00,2026-07-26T11:58:43.060077+00:00,6032.77511188
BTCUSDT,SHORT,68860.3,69252.43987390996,0.07692121502116518,69252.43987390996,68076.0202521801,30.16387555940001,-30.16387556,10.62379976,-40.78767532,LOSS,STOP_LOSS,2026-07-26T11:58:43.068700+00:00,2026-07-26T11:58:43.069210+00:00,5991.98743656
BTCUSDT,SHORT,69314.7,68518.85307711062,0.07529070307648648,69712.62346144469,68518.85307711062,29.95993718280001,59.91987437,10.37758512,49.54228925,WIN,TAKE_PROFIT,2026-07-26T11:58:43.077750+00:00,2026-07-26T11:58:43.079025+00:00,6041.52972581
BTCUSDT,SHORT,68581.1,68883.99968764924,0.09972822640884038,68883.99968764924,67975.30062470153,30.207648629050013,-30.20764863,13.70915058,-43.91679921,LOSS,STOP_LOSS,2026-07-26T11:58:43.087410+00:00,2026-07-26T11:58:43.088367+00:00,5997.6129266
ETHUSDT,SHORT,2075.27,2047.8000200531383,2.183333565660347,2089.004989973431,2047.8000200531383,29.98806463300001,59.97612927,9.00203717,50.9740921,WIN,TAKE_PROFIT,2026-07-26T11:58:43.096775+00:00,2026-07-26T11:58:43.098690+00:00,6048.5870187
BTCUSDT,SHORT,67751.6,68100.59730271234,0.08665664421603925,68100.59730271234,67053.60539457534,30.242935093500012,-30.24293509,11.77249553,-42.01543062,LOSS,STOP_LOSS,2026-07-26T11:58:43.107266+00:00,2026-07-26T11:58:43.107711+00:00,6006.57158808
SOLUSDT,SHORT,86.46,87.19920036543742,40.62884617572889,87.19920036543742,84.98159926912513,30.032857940400014,-30.03285794,7.05557294,-37.08843088,LOSS,STOP_LOSS,2026-07-26T11:58:43.116119+00:00,2026-07-26T11:58:43.117445+00:00,5969.4831572
BTCUSDT,LONG,68864.2,68483.00749352583,0.0783001115684918,68483.00749352583,69626.58501294833,29.847415786000013,-29.84741579,10.75430167,-40.60171746,LOSS,STOP_LOSS,2026-07-26T11:58:43.125976+00:00,2026-07-26T11:58:43.126279+00:00,5928.88143974
ETHUSDT,SHORT,2032.61,2049.236347726074,1.782977698235561,2049.236347726074,1999.3573045478513,29.644407198700016,-29.6444072,7.27784101,-36.9222482,LOSS,STOP_LOSS,2026-07-26T11:58:43.134781+00:00,2026-07-26T11:58:43.135125+00:00,5891.95919154
ETHUSDT,SHORT,2046.73,2065.0652847096108,1.6067269433922702,2065.0652847096108,2010.0594305807783,29.459795957700017,-29.45979596,6.60653227,-36.06632823,LOSS,STOP_LOSS,2026-07-26T11:58:43.144000+00:00,2026-07-26T11:58:43.144819+00:00,5855.89286331
SOLUSDT,LONG,89.06,91.9789974296919,20.061315586454903,87.60050128515405,91.9789974296919,29.279464316550015,58.55892863,3.63188046,54.92704817,WIN,TAKE_PROFIT,2026-07-26T11:58:43.153410+00:00,2026-07-26T11:58:43.154079+00:00,5910.81991148
SOLUSDT,LONG,90.88,89.72421752567953,25.570641720256358,89.72421752567953,93.19156494864093,29.554099557400015,-29.55409956,4.61816574,-34.1722653,LOSS,STOP_LOSS,2026-07-26T11:58:43.162896+00:00,2026-07-26T11:58:43.166477+00:00,5876.64764618
BTCUSDT,SHORT,69829.8,68900.38118823268,0.0632292737329622,70294.50940588365,68900.38118823268,29.383238230900016,58.76647646,8.7718086,49.99466786,WIN,TAKE_PROFIT,2026-07-26T11:58:43.175244+00:00,2026-07-26T11:58:43.176073+00:00,5926.64231404
ETHUSDT,SHORT,2103.66,2121.534503413654,1.657848102653492,2121.534503413654,2067.9109931726916,29.633211570200015,-29.63321157,7.00473069,-36.63794226,LOSS,STOP_LOSS,2026-07-26T11:58:43.184651+00:00,2026-07-26T11:58:43.185098+00:00,5890.00437178
BTCUSDT,SHORT,69493.5,69980.18872719916,0.06051100059042204,69980.18872719916,68520.12254560168,29.450021858900012,-29.45002186,8.43969246,-37.88971432,LOSS,STOP_LOSS,2026-07-26T11:58:43.193674+00:00,2026-07-26T11:58:43.194204+00:00,5852.11465746
SOLUSDT,LONG,89.98,91.55809083644631,37.083509531291355,89.19095458177685,91.55809083644631,29.260573287300012,58.52114657,6.73206952,51.78907705,WIN,TAKE_PROFIT,2026-07-26T11:58:43.203001+00:00,2026-07-26T11:58:43.203850+00:00,5903.90373451
SOLUSDT,LONG,91.41,92.81614955866577,41.986314315754136,90.70692522066712,92.81614955866577,29.51951867255001,59.03903735,7.73497702,51.30406032,WIN,TAKE_PROFIT,2026-07-26T11:58:43.212597+00:00,2026-07-26T11:58:43.213537+00:00,5955.20779483
SOLUSDT,LONG,92.55,91.88978414856066,45.1004605679122,91.88978414856066,93.87043170287865,29.776038974150012,-29.77603897,8.31831921,-38.09435819,LOSS,STOP_LOSS,2026-07-26T11:58:43.222474+00:00,2026-07-26T11:58:43.223175+00:00,5917.11343664
SOLUSDT,LONG,92.14,93.28676826087803,51.59816188241454,91.56661586956098,93.28676826087803,29.58556718320001,59.17113437,9.56768041,49.60345396,WIN,TAKE_PROFIT,2026-07-26T11:58:43.232096+00:00,2026-07-26T11:58:43.232906+00:00,5966.7168906
SOLUSDT,LONG,93.07,92.50017225002259,52.355443297001166,92.50017225002259,94.2096554999548,29.833584453000007,-29.83358445,9.71560863,-39.54919308,LOSS,STOP_LOSS,2026-07-26T11:58:43.241591+00:00,2026-07-26T11:58:43.241991+00:00,5927.16769752
SOLUSDT,LONG,92.55,91.93418674682931,48.12471692515803,91.93418674682931,93.78162650634137,29.635838487600008,-29.63583849,8.87824926,-38.51408775,LOSS,STOP_LOSS,2026-07-26T11:58:43.250802+00:00,2026-07-26T11:58:43.251500+00:00,5888.65360977
BTCUSDT,LONG,71475.3,70951.0966716933,0.05616764804595647,70951.0966716933,72523.70665661342,29.44326804885001,-29.44326805,7.99975572,-37.44302377,LOSS,STOP_LOSS,2026-07-26T11:58:43.260361+00:00,2026-07-26T11:58:43.260742+00:00,5851.210586
BTCUSDT,LONG,71128.4,70739.55404471181,0.07523815673566023,70739.55404471181,71906.09191057636,29.25605293000001,-29.25605293,10.67388336,-39.92993629,LOSS,STOP_LOSS,2026-07-26T11:58:43.269879+00:00,2026-07-26T11:58:43.271089+00:00,5811.28064971
SOLUSDT,SHORT,90.82,89.76831384771546,55.25679535749749,91.34584307614226,89.76831384771546,29.05640324855001,58.1128065,9.9787315,48.13407499,WIN,TAKE_PROFIT,2026-07-26T11:58:43.280248+00:00,2026-07-26T11:58:43.280975+00:00,5859.4147247
ETHUSDT,SHORT,2067.33,2081.0103630483136,2.141542115515077,2081.0103630483136,2039.9692739033726,29.297073623500008,-29.29707362,8.8838456,-38.18091922,LOSS,STOP_LOSS,2026-07-26T11:58:43.289865+00:00,2026-07-26T11:58:43.290385+00:00,5821.23380548
BTCUSDT,SHORT,69518.9,69823.71910779232,0.09548669451269962,69823.71910779232,68909.26178441533,29.10616902740001,-29.10616903,13.3053661,-42.41153513,LOSS,STOP_LOSS,2026-07-26T11:58:43.299436+00:00,2026-07-26T11:58:43.299671+00:00,5778.82227035
ETHUSDT,SHORT,2080.07,2052.84752752515,2.1228131558177883,2093.6812362374253,2052.84752752515,28.894111351750013,57.7882227,8.7734117,49.014811,WIN,TAKE_PROFIT,2026-07-26T11:58:43.308796+00:00,2026-07-26T11:58:43.309233+00:00,5827.83708135
ETHUSDT,SHORT,2064.7,2033.0239864177736,1.8398265508447955,2080.538006791113,2033.0239864177736,29.139185406750013,58.27837081,7.53910139,50.73926943,WIN,TAKE_PROFIT,2026-07-26T11:58:43.318379+00:00,2026-07-26T11:58:43.321401+00:00,5878.57635078
BTCUSDT,SHORT,67780.5,67044.31714386152,0.07985212236013056,68148.59142806924,67044.31714386152,29.39288175390001,58.78576351,10.7660478,48.01971571,WIN,TAKE_PROFIT,2026-07-26T11:58:43.330481+00:00,2026-07-26T11:58:43.331111+00:00,5926.59606649
BTCUSDT,SHORT,66846.6,65965.21216571369,0.06724163683617163,67287.29391714316,65965.21216571369,29.63298033245001,59.26596066,8.93048364,50.33547702,WIN,TAKE_PROFIT,2026-07-26T11:58:43.340170+00:00,2026-07-26T11:58:43.340977+00:00,5976.93154351
BTCUSDT,SHORT,66153.9,66624.3195298223,0.06352767226487922,66624.3195298223,65213.06094035538,29.884657717550013,-29.88465772,8.43509121,-38.31974893,LOSS,STOP_LOSS,2026-07-26T11:58:43.350174+00:00,2026-07-26T11:58:43.354131+00:00,5938.61179458
SOLUSDT,LONG,83.76,83.17557029177259,50.806895260268995,83.17557029177259,84.92885941645484,29.693058972900012,-29.69305897,8.48147804,-38.17453701,LOSS,STOP_LOSS,2026-07-26T11:58:43.363429+00:00,2026-07-26T11:58:43.363996+00:00,5900.43725757
SOLUSDT,SHORT,83.19,82.22919679321072,61.41150670476559,83.67040160339464,82.22919679321072,29.502186287850012,59.00437258,10.15864211,48.84573046,WIN,TAKE_PROFIT,2026-07-26T11:58:43.373167+00:00,2026-07-26T11:58:43.374250+00:00,5949.28298803
BTCUSDT,SHORT,66359.5,66590.98777375687,0.12850101954581641,66590.98777375687,65896.52445248625,29.74641494015001,-29.74641494,17.08427323,-46.83068817,LOSS,STOP_LOSS,2026-07-26T11:58:43.383550+00:00,2026-07-26T11:58:43.384232+00:00,5902.45229986
BTCUSDT,LONG,66935.3,66698.77631036485,0.12477507663111237,66698.77631036485,67408.34737927032,29.51226149930001,-29.5122615,16.67420211,-46.18646361,LOSS,STOP_LOSS,2026-07-26T11:58:43.393513+00:00,2026-07-26T11:58:43.393969+00:00,5856.26583625
ETHUSDT,SHORT,2004.96,1989.4473722891087,3.7751604340625726,2012.7163138554458,1989.4473722891087,29.281329181250012,58.56265836,15.07952867,43.48312969,WIN,TAKE_PROFIT,2026-07-26T11:58:43.403216+00:00,2026-07-26T11:58:43.404778+00:00,5899.74896594
ETHUSDT,SHORT,1988.52,1997.205865948829,3.3961777678225684,1997.205865948829,1971.148268102342,29.498744829700012,-29.49874483,13.53623357,-43.0349784,LOSS,STOP_LOSS,2026-07-26T11:58:43.414048+00:00,2026-07-26T11:58:43.414501+00:00,5856.71398754
ETHUSDT,SHORT,1994.14,2004.219878107156,2.9051511959168232,2004.219878107156,1973.9802437856881,29.283569937700012,-29.28356994,11.61583998,-40.89940992,LOSS,STOP_LOSS,2026-07-26T11:58:43.423838+00:00,2026-07-26T11:58:43.425136+00:00,5815.81457762
BTCUSDT,SHORT,66274.5,65767.70651384785,0.11475709014685241,66527.89674307608,65767.70651384785,29.079072888100015,58.15814578,15.1527794,43.00536638,WIN,TAKE_PROFIT,2026-07-26T11:58:43.434583+00:00,2026-07-26T11:58:43.434957+00:00,5858.819944
BTCUSDT,SHORT,65645.9,64993.02398387901,0.0897386302962961,65972.33800806048,64993.02398387901,29.294099720000013,58.58819944,11.7233581,46.86484134,WIN,TAKE_PROFIT,2026-07-26T11:58:43.444271+00:00,2026-07-26T11:58:43.444540+00:00,5905.68478534
BTCUSDT,SHORT,65820.3,66232.5138646276,0.07163374757755012,66232.5138646276,64995.8722707448,29.52842392670001,-29.52842393,9.45943794,-38.98786186,LOSS,STOP_LOSS,2026-07-26T11:58:43.454095+00:00,2026-07-26T11:58:43.454390+00:00,5866.69692348
BTCUSDT,SHORT,66061.3,66501.00573143992,0.06671162670848284,66501.00573143992,65181.888537120176,29.333484617400014,-29.33348462,8.84344706,-38.17693167,LOSS,STOP_LOSS,2026-07-26T11:58:43.463985+00:00,2026-07-26T11:58:43.464463+00:00,5828.51999181
BTCUSDT,LONG,67087.0,66553.2245120719,0.054597111741061195,66553.2245120719,68154.5509758562,29.142599959050013,-29.14259996,7.29637027,-36.43897023,LOSS,STOP_LOSS,2026-07-26T11:58:43.473903+00:00,2026-07-26T11:58:43.476841+00:00,5792.08102158
SOLUSDT,SHORT,82.78,83.45983408749404,42.599224782405486,83.45983408749404,81.42033182501193,28.96040510790001,-28.96040511,7.08168806,-36.04209317,LOSS,STOP_LOSS,2026-07-26T11:58:43.486550+00:00,2026-07-26T11:58:43.487266+00:00,5756.03892841
BTCUSDT,SHORT,66749.2,67104.02026143111,0.08111203832038523,67104.02026143111,66039.55947713777,28.78019464205001,-28.78019464,10.85710753,-39.63730217,LOSS,STOP_LOSS,2026-07-26T11:58:43.496815+00:00,2026-07-26T11:58:43.497672+00:00,5716.40162624
SOLUSDT,SHORT,82.68,83.245190121075,50.570608128883855,83.245190121075,81.54961975785001,28.58200813120001,-28.58200813,8.39093777,-36.9729459,LOSS,STOP_LOSS,2026-07-26T11:58:43.507378+00:00,2026-07-26T11:58:43.507678+00:00,5679.42868034
SOLUSDT,SHORT,82.82,81.6724051128593,49.48983952421237,83.39379744357035,81.6724051128593,28.39714340170001,56.7942868,8.14070273,48.65358407,WIN,TAKE_PROFIT,2026-07-26T11:58:43.517227+00:00,2026-07-26T11:58:43.517819+00:00,5728.08226441
BTCUSDT,SHORT,66403.9,66781.59583281325,0.0758293018716223,66781.59583281325,65648.50833437349,28.64041132205001,-28.64041132,10.09936317,-38.73977449,LOSS,STOP_LOSS,2026-07-26T11:58:43.527727+00:00,2026-07-26T11:58:43.528255+00:00,5689.34248992
BTCUSDT,SHORT,66610.0,67009.93949353693,0.07112754031372616,67009.93949353693,65810.12101292612,28.44671244960001,-28.44671245,9.50405763,-37.95077008,LOSS,STOP_LOSS,2026-07-26T11:58:43.538271+00:00,2026-07-26T11:58:43.538976+00:00,5651.39171984
SOLUSDT,SHORT,81.24,81.95502164322228,39.51902556663665,81.95502164322228,79.80995671355542,28.256958599200008,-28.2569586,6.44930823,-34.70626683,LOSS,STOP_LOSS,2026-07-26T11:58:43.548514+00:00,2026-07-26T11:58:43.548749+00:00,5616.68545301
ETHUSDT,LONG,2074.36,2057.860020367969,1.7020279958728926,2057.860020367969,2107.359959264063,28.08342726505001,-28.08342727,7.03315416,-35.11658142,LOSS,STOP_LOSS,2026-07-26T11:58:43.558405+00:00,2026-07-26T11:58:43.558854+00:00,5581.56887159
BTCUSDT,SHORT,66555.9,67098.80235387658,0.051404905796916305,67098.80235387658,65470.09529224682,27.907844357950008,-27.90784436,6.87050738,-34.77835174,LOSS,STOP_LOSS,2026-07-26T11:58:43.568421+00:00,2026-07-26T11:58:43.568700+00:00,5546.79051985
ETHUSDT,LONG,2074.71,2120.847773240004,1.2022232826443964,2051.6411133799984,2120.847773240004,27.733952599250006,55.4679052,5.04399724,50.42390796,WIN,TAKE_PROFIT,2026-07-26T11:58:43.578812+00:00,2026-07-26T11:58:43.579516+00:00,5597.21442781
ETHUSDT,LONG,2096.38,2129.8059907867155,1.6745096543359625,2079.6670046066424,2129.8059907867155,27.986072139050005,55.97214428,7.07678924,48.89535504,WIN,TAKE_PROFIT,2026-07-26T11:58:43.589055+00:00,2026-07-26T11:58:43.590424+00:00,5646.10978285
BTCUSDT,LONG,68552.9,68172.7855194842,0.07426854371857149,68172.7855194842,69313.1289610316,28.230548914250008,-28.23054891,10.15441755,-38.38496647,LOSS,STOP_LOSS,2026-07-26T11:58:43.600157+00:00,2026-07-26T11:58:43.601681+00:00,5607.72481638
ETHUSDT,LONG,2132.21,2116.7296634946256,1.8112412525506634,2116.7296634946256,2163.170673010749,28.038624081900007,-28.03862408,7.6958548,-35.73447888,LOSS,STOP_LOSS,2026-07-26T11:58:43.611454+00:00,2026-07-26T11:58:43.611704+00:00,5571.9903375
SOLUSDT,SHORT,82.72,83.37713148909103,42.39631207756805,83.37713148909103,81.40573702181796,27.859951687500008,-27.85995169,7.04190582,-34.90185751,LOSS,STOP_LOSS,2026-07-26T11:58:43.621427+00:00,2026-07-26T11:58:43.621831+00:00,5537.08847999
ETHUSDT,LONG,2130.47,2165.5642839199186,1.5777750281570033,2112.9228580400404,2165.5642839199186,27.685442399950006,55.3708848,6.77817561,48.59270919,WIN,TAKE_PROFIT,2026-07-26T11:58:43.631600+00:00,2026-07-26T11:58:43.632138+00:00,5585.68118918
ETHUSDT,LONG,2151.58,2133.1484791766247,1.5152523882066689,2133.1484791766247,2188.44304164675,27.928405945900007,-27.92840595,6.49244506,-34.42085101,LOSS,STOP_LOSS,2026-07-26T11:58:43.641892+00:00,2026-07-26T11:58:43.642173+00:00,5551.26033817
ETHUSDT,LONG,2139.28,2120.437183575764,1.4730442130269037,2120.437183575764,2176.9656328484734,27.75630169085001,-27.75630169,6.27475175,-34.03105344,LOSS,STOP_LOSS,2026-07-26T11:58:43.651876+00:00,2026-07-26T11:58:43.653278+00:00,5517.22928473
SOLUSDT,SHORT,80.81,79.14194309639431,33.07578580085538,81.64402845180285,79.14194309639431,27.58614642365001,55.17229285,5.29053621,49.88175664,WIN,TAKE_PROFIT,2026-07-26T11:58:43.663111+00:00,2026-07-26T11:58:43.663450+00:00,5567.11104137
SOLUSDT,SHORT,79.1,77.19259379229916,29.186814108571834,80.05370310385041,77.19259379229916,27.835555206850014,55.67111041,4.56168288,51.10942753,WIN,TAKE_PROFIT,2026-07-26T11:58:43.673231+00:00,2026-07-26T11:58:43.675521+00:00,5618.2204689
BTCUSDT,SHORT,65826.6,66174.28840865652,0.08079389949479575,66174.28840865652,65131.223182686976,28.091102344500015,-28.09110234,10.66486651,-38.75596886,LOSS,STOP_LOSS,2026-07-26T11:58:43.685366+00:00,2026-07-26T11:58:43.685600+00:00,5579.46450004
BTCUSDT,SHORT,66227.3,66598.3678080382,0.07518119841139276,66598.3678080382,65485.16438392361,27.897322500200012,-27.8973225,9.98599289,-37.88331539,LOSS,STOP_LOSS,2026-07-26T11:58:43.695535+00:00,2026-07-26T11:58:43.695922+00:00,5541.58118465
BTCUSDT,LONG,67201.9,66769.03878893472,0.06401106224108347,66769.03878893472,68067.62242213055,27.707905923250014,-27.70790592,8.5756221,-36.28352802,LOSS,STOP_LOSS,2026-07-26T11:58:43.705687+00:00,2026-07-26T11:58:43.706074+00:00,5505.29765663
SOLUSDT,SHORT,78.56,79.35408122029874,34.66457533499436,79.35408122029874,76.97183755940252,27.526488283150016,-27.52648828,5.47402456,-33.00051285,LOSS,STOP_LOSS,2026-07-26T11:58:43.716066+00:00,2026-07-26T11:58:43.717352+00:00,5472.29714378
BTCUSDT,SHORT,66793.9,66265.44247391602,0.10355226056351675,67058.12876304198,66265.44247391602,27.361485718900017,54.72297144,13.7785957,40.94437574,WIN,TAKE_PROFIT,2026-07-26T11:58:43.727397+00:00,2026-07-26T11:58:43.727968+00:00,5513.24151952
ETHUSDT,SHORT,2043.07,2055.005907906664,2.30951912608248,2055.005907906664,2019.1981841866716,27.56620759760002,-27.5662076,9.46458469,-37.03079229,LOSS,STOP_LOSS,2026-07-26T11:58:43.737849+00:00,2026-07-26T11:58:43.738302+00:00,5476.21072723
BTCUSDT,SHORT,66602.1,66891.80578320024,0.09451331393417516,66891.80578320024,66022.68843359953,27.381053636150018,-27.38105364,12.61695143,-39.99800506,LOSS,STOP_LOSS,2026-07-26T11:58:43.748103+00:00,2026-07-26T11:58:43.748995+00:00,5436.21272217
ETHUSDT,LONG,2068.28,2058.295860548279,2.722424275250315,2058.295860548279,2088.2482789034425,27.181063610850018,-27.18106361,11.2342903,-38.41535391,LOSS,STOP_LOSS,2026-07-26T11:58:43.758847+00:00,2026-07-26T11:58:43.759225+00:00,5397.79736826
SOLUSDT,LONG,80.01,79.5452659902443,58.07405155367759,79.5452659902443,80.93946801951141,26.98898684130002,-26.98898684,9.26602074,-36.25500758,LOSS,STOP_LOSS,2026-07-26T11:58:43.769565+00:00,2026-07-26T11:58:43.770388+00:00,5361.54236068
BTCUSDT,SHORT,66690.4,66968.42471424706,0.09642204606162492,66968.42471424706,66134.35057150587,26.80771180340002,-26.8077118,12.88765735,-39.69536916,LOSS,STOP_LOSS,2026-07-26T11:58:43.780430+00:00,2026-07-26T11:58:43.781010+00:00,5321.84699152
SOLUSDT,LONG,80.42,79.85204322618915,46.85081010489348,79.85204322618915,81.5559135476217,26.60923495760002,-26.60923496,7.50887506,-34.11811002,LOSS,STOP_LOSS,2026-07-26T11:58:43.791068+00:00,2026-07-26T11:58:43.791751+00:00,5287.7288815
ETHUSDT,SHORT,2046.55,2055.896246994628,2.828797957372146,2055.896246994628,2027.8575060107435,26.438644407500018,-26.43864441,11.60499156,-38.04363597,LOSS,STOP_LOSS,2026-07-26T11:58:43.801722+00:00,2026-07-26T11:58:43.802614+00:00,5249.68524553
SOLUSDT,LONG,80.32,79.95295940166865,71.51368635236034,79.95295940166865,81.05408119666266,26.24842622765002,-26.24842623,11.46171015,-37.71013638,LOSS,STOP_LOSS,2026-07-26T11:58:43.812600+00:00,2026-07-26T11:58:43.813094+00:00,5211.97510915
ETHUSDT,SHORT,2051.09,2057.3830135598064,4.141080469331296,2057.3830135598064,2038.503972880388,26.059875545750018,-26.05987555,17.01351736,-43.0733929,LOSS,STOP_LOSS,2026-07-26T11:58:43.823058+00:00,2026-07-26T11:58:43.824589+00:00,5168.90171625
ETHUSDT,LONG,2055.51,2051.918171343933,7.195362322641784,2051.918171343933,2062.6936573121343,25.84450858125002,-25.84450858,29.55443391,-55.39894249,LOSS,STOP_LOSS,2026-07-26T11:58:43.834714+00:00,2026-07-26T11:58:43.835018+00:00,5113.50277376
ETHUSDT,SHORT,2050.75,2043.6607445043983,7.213032139880552,2054.294627747801,2043.6607445043983,25.56751386880002,51.13502774,29.53311629,21.60191144,WIN,TAKE_PROFIT,2026-07-26T11:58:43.845626+00:00,2026-07-26T11:58:43.846846+00:00,5135.1046852
ETHUSDT,SHORT,2048.38,2052.6534293175073,6.008177863341167,2052.6534293175073,2039.8331413649857,25.67552342600002,-25.67552343,24.63973827,-50.31526169,LOSS,STOP_LOSS,2026-07-26T11:58:43.856798+00:00,2026-07-26T11:58:43.857031+00:00,5084.78942351
ETHUSDT,LONG,2055.69,2066.0160158638646,4.924251028224785,2050.526992068068,2066.0160158638646,25.423947117550018,50.84789424,20.29631509,30.55157915,WIN,TAKE_PROFIT,2026-07-26T11:58:43.867107+00:00,2026-07-26T11:58:43.867987+00:00,5115.34100266
SOLUSDT,LONG,81.17,80.75651531262044,61.85647448129435,80.75651531262044,81.99696937475913,25.57670501330002,-25.57670501,10.01620336,-35.59290838,LOSS,STOP_LOSS,2026-07-26T11:58:43.878926+00:00,2026-07-26T11:58:43.879164+00:00,5079.74809428
BTCUSDT,LONG,67325.0,67187.46890870141,0.18467635377266817,67187.46890870141,67600.06218259719,25.398740471400018,-25.39874047,24.8412723,-50.24001277,LOSS,STOP_LOSS,2026-07-26T11:58:43.889861+00:00,2026-07-26T11:58:43.890670+00:00,5029.50808151
BTCUSDT,SHORT,67060.6,66832.09712194274,0.22010699052331947,67174.85143902863,66832.09712194274,25.147540407550018,50.29508082,29.47071862,20.8243622,WIN,TAKE_PROFIT,2026-07-26T11:58:43.900907+00:00,2026-07-26T11:58:43.901791+00:00,5050.33244371
BTCUSDT,SHORT,66905.1,66645.86815987939,0.19481914109625534,67034.71592006032,66645.86815987939,25.251662218550017,50.50332444,26.01828491,24.48503953,WIN,TAKE_PROFIT,2026-07-26T11:58:43.912013+00:00,2026-07-26T11:58:43.912308+00:00,5074.81748324
BTCUSDT,SHORT,66620.2,66776.01121148457,0.16285148658068452,66776.01121148457,66308.57757703085,25.37408741620002,-25.37408742,21.7237713,-47.09785872,LOSS,STOP_LOSS,2026-07-26T11:58:43.922547+00:00,2026-07-26T11:58:43.922913+00:00,5027.71962452
BTCUSDT,SHORT,66792.0,66955.03339153517,0.1541929410036074,66955.03339153517,66465.93321692967,25.13859812260002,-25.13859812,20.62284843,-45.76144655,LOSS,STOP_LOSS,2026-07-26T11:58:43.933116+00:00,2026-07-26T11:58:43.933808+00:00,4981.95817797
SOLUSDT,SHORT,79.79,80.09070144073337,82.83894759233314,80.09070144073337,79.18859711853328,24.90979088985002,-24.90979089,13.24434905,-38.15413994,LOSS,STOP_LOSS,2026-07-26T11:58:43.943995+00:00,2026-07-26T11:58:43.944478+00:00,4943.80403803
SOLUSDT,SHORT,79.79,79.20302080753854,84.2245193956269,80.08348959623073,79.20302080753854,24.71902019015002,49.43804038,13.39111076,36.04692962,WIN,TAKE_PROFIT,2026-07-26T11:58:43.954786+00:00,2026-07-26T11:58:43.955261+00:00,4979.85096765
BTCUSDT,SHORT,66716.5,66849.55821190828,0.18713053843991628,66849.55821190828,66450.38357618343,24.899254838250016,-24.89925484,24.99428839,-49.89354323,LOSS,STOP_LOSS,2026-07-26T11:58:43.965628+00:00,2026-07-26T11:58:43.966032+00:00,4929.95742442
SOLUSDT,SHORT,79.16,79.55929931857078,61.73260503005357,79.55929931857078,78.36140136285842,24.649787122100015,-24.64978712,9.79815582,-34.44794294,LOSS,STOP_LOSS,2026-07-26T11:58:43.976412+00:00,2026-07-26T11:58:43.976874+00:00,4895.50948148
SOLUSDT,SHORT,79.41,79.89189740149642,50.7941054078954,79.89189740149642,78.44620519700716,24.477547407400017,-24.47754741,8.09159737,-32.56914478,LOSS,STOP_LOSS,2026-07-26T11:58:43.987461+00:00,2026-07-26T11:58:43.987940+00:00,4862.9403367
SOLUSDT,SHORT,79.64,80.06651185346607,57.008267146400364,80.06651185346607,78.78697629306787,24.314701683500015,-24.31470168,9.10459149,-33.41929318,LOSS,STOP_LOSS,2026-07-26T11:58:43.998363+00:00,2026-07-26T11:58:43.998818+00:00,4829.52104352
BTCUSDT,LONG,67524.4,67316.10303942593,0.11592874495647858,67316.10303942593,67940.99392114811,24.147605217600017,-24.14760522,15.63189029,-39.7794955,LOSS,STOP_LOSS,2026-07-26T11:58:44.009463+00:00,2026-07-26T11:58:44.009996+00:00,4789.74154802
SOLUSDT,SHORT,79.42,79.9069656782314,49.17945721981621,79.9069656782314,78.4460686435372,23.948707740100016,-23.94870774,7.83561369,-31.78432143,LOSS,STOP_LOSS,2026-07-26T11:58:44.020397+00:00,2026-07-26T11:58:44.020646+00:00,4757.95722659
ETHUSDT,LONG,2069.38,2092.794955346064,2.0320163571825183,2057.672522326968,2092.794955346064,23.789786132950017,47.57957227,8.45760759,39.12196468,WIN,TAKE_PROFIT,2026-07-26T11:58:44.031205+00:00,2026-07-26T11:58:44.031561+00:00,4797.07919127
BTCUSDT,LONG,69092.4,69754.71276643236,0.0724292122151006,68761.24361678382,69754.71276643236,23.98539595635002,47.97079191,10.056587,37.91420492,WIN,TAKE_PROFIT,2026-07-26T11:58:44.042436+00:00,2026-07-26T11:58:44.043579+00:00,4834.99339619
BTCUSDT,LONG,69604.0,70241.83570341945,0.0758031162299243,69285.08214829027,70241.83570341945,24.174966980950018,48.34993396,10.60075014,37.74918382,WIN,TAKE_PROFIT,2026-07-26T11:58:44.053922+00:00,2026-07-26T11:58:44.054155+00:00,4872.74258001
BTCUSDT,LONG,69899.9,69532.64056626953,0.06633924322262957,69532.64056626953,70634.4188674609,24.363712900050018,-24.3637129,9.24984922,-33.61356212,LOSS,STOP_LOSS,2026-07-26T11:58:44.064626+00:00,2026-07-26T11:58:44.065231+00:00,4839.12901789
BTCUSDT,LONG,69612.1,69297.87293584025,0.0770005128429969,69297.87293584025,70240.5541283195,24.195645089450018,-24.19564509,10.69613916,-34.89178424,LOSS,STOP_LOSS,2026-07-26T11:58:44.075765+00:00,2026-07-26T11:58:44.076177+00:00,4804.23723365
ETHUSDT,LONG,2145.0,2168.3333319570643,2.0589589358649385,2133.333334021468,2168.3333319570643,24.02118616825002,48.04237234,8.88097621,39.16139613,WIN,TAKE_PROFIT,2026-07-26T11:58:44.086763+00:00,2026-07-26T11:58:44.087239+00:00,4843.39862978
BTCUSDT,LONG,69787.1,69402.77742634456,0.06301215387522738,69402.77742634456,70555.74514731088,24.21699314890002,-24.21699315,8.77065397,-32.98764712,LOSS,STOP_LOSS,2026-07-26T11:58:44.097835+00:00,2026-07-26T11:58:44.098348+00:00,4810.41098266
BTCUSDT,LONG,69710.5,69285.55984904172,0.05660104101497698,69285.55984904172,70560.38030191655,24.052054913300022,-24.05205491,7.86732168,-31.9193766,LOSS,STOP_LOSS,2026-07-26T11:58:44.108862+00:00,2026-07-26T11:58:44.109790+00:00,4778.49160606
SOLUSDT,SHORT,81.15,80.2941500735406,55.8332887382295,81.5779249632297,80.2941500735406,23.892458030300023,47.78491606,9.01395785,38.77095821,WIN,TAKE_PROFIT,2026-07-26T11:58:44.120644+00:00,2026-07-26T11:58:44.120948+00:00,4817.26256427
SOLUSDT,SHORT,80.11,79.14720082871614,50.0339292756798,80.59139958564194,79.14720082871614,24.08631282135002,48.17262564,7.96826352,40.20436212,WIN,TAKE_PROFIT,2026-07-26T11:58:44.131701+00:00,2026-07-26T11:58:44.133879+00:00,4857.46692639
SOLUSDT,SHORT,79.25,79.75961133304915,47.65854496726299,79.75961133304915,78.23077733390168,24.28733463195002,-24.28733463,7.57816671,-31.86550134,LOSS,STOP_LOSS,2026-07-26T11:58:44.144936+00:00,2026-07-26T11:58:44.146287+00:00,4825.60142505
BTCUSDT,LONG,68670.0,69461.49196568642,0.06096841957031117,68274.2540171568,69461.49196568642,24.12800712525002,48.25601425,8.42165876,39.83435549,WIN,TAKE_PROFIT,2026-07-26T11:58:44.157008+00:00,2026-07-26T11:58:44.157663+00:00,4865.43578054
BTCUSDT,LONG,69399.8,70249.67540812373,0.0572488124027671,68974.86229593815,70249.67540812373,24.32717890270002,48.65435781,7.99476662,40.65959119,WIN,TAKE_PROFIT,2026-07-26T11:58:44.168407+00:00,2026-07-26T11:58:44.168967+00:00,4906.09537173
BTCUSDT,LONG,70261.8,71318.85829996875,0.04641272266510826,69733.27085001563,71318.85829996875,24.530476858650022,49.06095372,6.57114383,42.48980989,WIN,TAKE_PROFIT,2026-07-26T11:58:44.179681+00:00,2026-07-26T11:58:44.180002+00:00,4948.58518162
BTCUSDT,LONG,71479.9,72730.80524235834,0.03956003231939741,70854.44737882081,72730.80524235834,24.742925908100023,49.48585182,5.70498016,43.78087166,WIN,TAKE_PROFIT,2026-07-26T11:58:44.190867+00:00,2026-07-26T11:58:44.191144+00:00,4992.36605328
BTCUSDT,LONG,72738.2,71988.41687255469,0.03329206720275361,71988.41687255469,74237.76625489062,24.961830266400025,-24.96183027,4.81824825,-29.78007852,LOSS,STOP_LOSS,2026-07-26T11:58:44.201947+00:00,2026-07-26T11:58:44.202242+00:00,4962.58597476
BTCUSDT,LONG,71989.3,71198.74423880079,0.031386691605612506,71198.74423880079,73570.41152239844,24.812929873800027,-24.81292987,4.49419899,-29.30712886,LOSS,STOP_LOSS,2026-07-26T11:58:44.213382+00:00,2026-07-26T11:58:44.214067+00:00,4933.2788459
BTCUSDT,LONG,71276.7,72398.15253984356,0.04399008135099626,70715.97373007821,72398.15253984356,24.666394229500025,49.33278846,6.32026845,43.01252001,WIN,TAKE_PROFIT,2026-07-26T11:58:44.224869+00:00,2026-07-26T11:58:44.227490+00:00,4976.29136591
ETHUSDT,LONG,2260.68,2246.92440362624,1.8088242889282353,2246.92440362624,2288.1911927475194,24.881456829550025,-24.88145683,8.15346433,-33.03492116,LOSS,STOP_LOSS,2026-07-26T11:58:44.238312+00:00,2026-07-26T11:58:44.238685+00:00,4943.25644475
BTCUSDT,LONG,71560.9,71115.84152383788,0.05553490956264215,71115.84152383788,72451.01695232421,24.716282223750028,-24.71628222,7.92353994,-32.63982216,LOSS,STOP_LOSS,2026-07-26T11:58:44.249580+00:00,2026-07-26T11:58:44.250091+00:00,4910.61662259
BTCUSDT,LONG,71476.4,71116.04159931283,0.06813517616386737,71116.04159931283,72197.11680137434,24.553083112950027,-24.55308311,9.71556113,-34.26864424,LOSS,STOP_LOSS,2026-07-26T11:58:44.260863+00:00,2026-07-26T11:58:44.261309+00:00,4876.34797835
ETHUSDT,SHORT,2192.51,2163.1301931375774,1.6597617544541807,2207.1999034312116,2163.1301931375774,24.381739891750026,48.76347978,7.22932501,41.53415477,WIN,TAKE_PROFIT,2026-07-26T11:58:44.272201+00:00,2026-07-26T11:58:44.273378+00:00,4917.88213312
SOLUSDT,SHORT,81.93,82.43380750695022,48.80715417372753,82.43380750695022,80.92238498609959,24.589410665600028,-24.58941067,8.02212969,-32.61154036,LOSS,STOP_LOSS,2026-07-26T11:58:44.284200+00:00,2026-07-26T11:58:44.285101+00:00,4885.27059276
ETHUSDT,SHORT,2177.83,2186.767170171108,2.733119376283763,2186.767170171108,2159.9556596577845,24.426352963800028,-24.42635296,11.9289651,-36.35531806,LOSS,STOP_LOSS,2026-07-26T11:58:44.296457+00:00,2026-07-26T11:58:44.296741+00:00,4848.9152747
BTCUSDT,LONG,71294.3,71039.27358071141,0.09506692067877304,71039.27358071141,71804.35283857718,24.244576373500028,-24.24457637,13.53121455,-37.77579092,LOSS,STOP_LOSS,2026-07-26T11:58:44.307819+00:00,2026-07-26T11:58:44.308546+00:00,4811.13948378
ETHUSDT,SHORT,2179.22,2159.144047029564,2.39646879571042,2189.257976485218,2159.144047029564,24.055697418900028,48.11139484,10.39675406,37.71464077,WIN,TAKE_PROFIT,2026-07-26T11:58:44.319461+00:00,2026-07-26T11:58:44.320106+00:00,4848.85412455
BTCUSDT,SHORT,70765.2,71061.88906166478,0.0817160918798642,71061.88906166478,70171.82187667044,24.244270622750026,-24.24427062,11.58955544,-35.83382606,LOSS,STOP_LOSS,2026-07-26T11:58:44.331019+00:00,2026-07-26T11:58:44.331451+00:00,4813.02029849
BTCUSDT,LONG,71300.5,72027.91772818878,0.0661658372071035,70936.7911359056,72027.91772818878,24.065101492450026,48.13020298,9.48344475,38.64675823,WIN,TAKE_PROFIT,2026-07-26T11:58:44.342416+00:00,2026-07-26T11:58:44.342760+00:00,4851.66705672
BTCUSDT,LONG,72045.3,72947.61528604032,0.05376908860771719,71594.14235697984,72947.61528604032,24.258335283600026,48.51667057,7.79613691,40.72053366,WIN,TAKE_PROFIT,2026-07-26T11:58:44.353735+00:00,2026-07-26T11:58:44.355301+00:00,4892.38759038
BTCUSDT,LONG,72592.1,72115.67943792715,0.051345260677810346,72115.67943792715,73544.94112414573,24.461937951900026,-24.46193795,7.43005866,-31.89199661,LOSS,STOP_LOSS,2026-07-26T11:58:44.366393+00:00,2026-07-26T11:58:44.366741+00:00,4860.49559377
ETHUSDT,SHORT,2185.12,2202.098932240282,1.4313313478684548,2202.098932240282,2151.1621355194357,24.302477968850027,-24.30247797,6.27956399,-30.58204196,LOSS,STOP_LOSS,2026-07-26T11:58:44.377736+00:00,2026-07-26T11:58:44.377970+00:00,4829.91355181
BTCUSDT,LONG,72263.3,71801.55344762716,0.05230048310041262,71801.55344762716,73186.79310474571,24.149567759050022,-24.14956776,7.53466143,-31.68422919,LOSS,STOP_LOSS,2026-07-26T11:58:44.389310+00:00,2026-07-26T11:58:44.389826+00:00,4798.22932262
SOLUSDT,SHORT,82.75,83.3553520102076,39.631728661267495,83.3553520102076,81.53929597958482,23.99114661310002,-23.99114661,6.58304224,-30.57418885,LOSS,STOP_LOSS,2026-07-26T11:58:44.400812+00:00,2026-07-26T11:58:44.401258+00:00,4767.65513377
BTCUSDT,LONG,72088.8,71762.45698498707,0.07304668576376741,71762.45698498707,72741.48603002586,23.838275668850024,-23.83827567,10.50785757,-34.34613323,LOSS,STOP_LOSS,2026-07-26T11:58:44.412474+00:00,2026-07-26T11:58:44.412996+00:00,4733.30900054
ETHUSDT,SHORT,2185.26,2196.019915108288,2.199510383169365,2196.019915108288,2163.7401697834243,23.666545002700023,-23.666545,9.63667066,-33.30321567,LOSS,STOP_LOSS,2026-07-26T11:58:44.424136+00:00,2026-07-26T11:58:44.424792+00:00,4700.00578487
SOLUSDT,LONG,83.49,83.10404373592218,60.88780287191343,83.10404373592218,84.26191252815562,23.500028924350023,-23.50002892,10.14354529,-33.64357422,LOSS,STOP_LOSS,2026-07-26T11:58:44.435878+00:00,2026-07-26T11:58:44.436254+00:00,4666.36221065
BTCUSDT,LONG,71872.4,72358.61218637183,0.09597378143626809,71629.29390681408,72358.61218637183,23.33181105325002,46.66362211,13.84239564,32.82122647,WIN,TAKE_PROFIT,2026-07-26T11:58:44.447476+00:00,2026-07-26T11:58:44.447971+00:00,4699.18343712
BTCUSDT,LONG,72277.6,71983.24724716313,0.07982231169627221,71983.24724716313,72866.30550567374,23.49591718560002,-23.49591719,11.51523431,-35.0111515,LOSS,STOP_LOSS,2026-07-26T11:58:44.459094+00:00,2026-07-26T11:58:44.459559+00:00,4664.17228562
ETHUSDT,LONG,2214.53,2239.544524154268,1.8645856530611784,2202.0227379228663,2239.544524154268,23.32086142810002,46.64172286,8.30500346,38.3367194,WIN,TAKE_PROFIT,2026-07-26T11:58:44.474964+00:00,2026-07-26T11:58:44.475313+00:00,4702.50900502
BTCUSDT,LONG,72933.0,72550.15196470435,0.0614148248323706,72550.15196470435,73698.69607059131,23.51254502510002,-23.51254503,8.93482229,-32.44736732,LOSS,STOP_LOSS,2026-07-26T11:58:44.487064+00:00,2026-07-26T11:58:44.487539+00:00,4670.0616377
ETHUSDT,LONG,2231.8,2266.2129400948024,1.3570655761567334,2214.593529952599,2266.2129400948024,23.350308188500023,46.70061638,6.10409852,40.59651785,WIN,TAKE_PROFIT,2026-07-26T11:58:44.501705+00:00,2026-07-26T11:58:44.506564+00:00,4710.65815555
BTCUSDT,LONG,73074.1,73461.4687244598,0.12160656909303334,72880.41563777011,73461.4687244598,23.55329077775002,47.10658156,17.81968776,29.28689379,WIN,TAKE_PROFIT,2026-07-26T11:58:44.518130+00:00,2026-07-26T11:58:44.518838+00:00,4739.94504934
BTCUSDT,LONG,73427.1,73193.62755886045,0.10150973335877936,73193.62755886045,73894.04488227912,23.699725246700023,-23.69972525,14.88343096,-38.58315621,LOSS,STOP_LOSS,2026-07-26T11:58:44.530574+00:00,2026-07-26T11:58:44.531166+00:00,4701.36189313
SOLUSDT,LONG,85.32,84.81837923810447,46.86171556540593,84.81837923810447,86.32324152379103,23.506809465650022,-23.50680947,7.97297633,-31.4797858,LOSS,STOP_LOSS,2026-07-26T11:58:44.542532+00:00,2026-07-26T11:58:44.543228+00:00,4669.88210733
SOLUSDT,SHORT,82.2,81.54493906329017,71.2892777698724,82.52753046835493,81.54493906329017,23.34941053665002,46.69882107,11.67325844,35.02556263,WIN,TAKE_PROFIT,2026-07-26T11:58:44.555681+00:00,2026-07-26T11:58:44.557043+00:00,4704.90766996
ETHUSDT,SHORT,2194.45,2203.404004417358,2.6272645459271815,2203.404004417358,2176.541991165284,23.52453834980002,-23.52453835,11.5543259,-35.07886425,LOSS,STOP_LOSS,2026-07-26T11:58:44.569402+00:00,2026-07-26T11:58:44.569743+00:00,4669.82880571
BTCUSDT,SHORT,70922.9,71207.35858296807,0.08208275449073421,71207.35858296807,70353.98283406386,23.349144028550022,-23.34914403,11.66644312,-35.01558715,LOSS,STOP_LOSS,2026-07-26T11:58:44.581108+00:00,2026-07-26T11:58:44.581807+00:00,4634.81321856
SOLUSDT,SHORT,81.89,82.43353678336025,42.635690540634805,82.43353678336025,80.80292643327948,23.17406609280002,-23.17406609,7.00604746,-30.18011356,LOSS,STOP_LOSS,2026-07-26T11:58:44.593644+00:00,2026-07-26T11:58:44.594603+00:00,4604.633105
ETHUSDT,SHORT,2191.91,2201.570276261892,2.3832823100331066,2201.570276261892,2172.589447476216,23.02316552500002,-23.02316553,10.47090382,-33.49406935,LOSS,STOP_LOSS,2026-07-26T11:58:44.606167+00:00,2026-07-26T11:58:44.607525+00:00,4571.13903565
BTCUSDT,LONG,71623.0,72273.61768219883,0.07025845071104284,71297.69115890058,72273.61768219883,22.85569517825002,45.71139036,10.10995342,35.60143694,WIN,TAKE_PROFIT,2026-07-26T11:58:44.619621+00:00,2026-07-26T11:58:44.620052+00:00,4606.74047259
BTCUSDT,LONG,72347.2,71944.49987347354,0.05719815030015041,71944.49987347354,73152.60025305292,23.03370236295002,-23.03370236,8.25321834,-31.2869207,LOSS,STOP_LOSS,2026-07-26T11:58:44.631966+00:00,2026-07-26T11:58:44.632261+00:00,4575.45355189
BTCUSDT,LONG,71904.0,72778.514520692,0.05231992658360304,71466.742739654,72778.514520692,22.87726775945002,45.75453552,7.56977854,38.18475698,WIN,TAKE_PROFIT,2026-07-26T11:58:44.644233+00:00,2026-07-26T11:58:44.645157+00:00,4613.63830887
ETHUSDT,LONG,2240.73,2275.1308160783797,1.3411421108028818,2223.52959196081,2275.1308160783797,23.06819154435002,46.13638309,6.05641111,40.07997198,WIN,TAKE_PROFIT,2026-07-26T11:58:44.657763+00:00,2026-07-26T11:58:44.658527+00:00,4653.71828085
BTCUSDT,LONG,73720.5,74610.89468746466,0.05226579118639142,73275.30265626767,74610.89468746466,23.268591404250017,46.53718281,7.7526577,38.78452511,WIN,TAKE_PROFIT,2026-07-26T11:58:44.671152+00:00,2026-07-26T11:58:44.671565+00:00,4692.50280596
BTCUSDT,LONG,74599.9,74075.18703929303,0.04471495043344819,74075.18703929303,75649.32592141394,23.46251402980002,-23.46251403,6.64799915,-30.11051318,LOSS,STOP_LOSS,2026-07-26T11:58:44.683884+00:00,2026-07-26T11:58:44.684509+00:00,4662.39229278
SOLUSDT,LONG,85.88,87.40847481201237,30.5035598633225,85.11576259399381,87.40847481201237,23.311961463900015,46.62392293,5.28591537,41.33800756,WIN,TAKE_PROFIT,2026-07-26T11:58:44.698795+00:00,2026-07-26T11:58:44.703002+00:00,4703.73030034
BTCUSDT,LONG,75325.6,74895.8079917505,0.05472100702264877,74895.8079917505,76185.18401649903,23.518651501700013,-23.5186515,8.22026672,-31.73891822,LOSS,STOP_LOSS,2026-07-26T11:58:44.716655+00:00,2026-07-26T11:58:44.717067+00:00,4671.99138212
BTCUSDT,LONG,75235.8,74746.4395460846,0.04773568588081717,74746.4395460846,76214.52090783083,23.359956910600012,-23.35995691,7.15950507,-30.51946199,LOSS,STOP_LOSS,2026-07-26T11:58:44.729851+00:00,2026-07-26T11:58:44.730282+00:00,4641.47192013
SOLUSDT,SHORT,83.66,84.21691953984052,41.670937973007334,84.21691953984052,82.54616092031895,23.207359600650012,-23.2073596,6.9955887,-30.2029483,LOSS,STOP_LOSS,2026-07-26T11:58:44.742811+00:00,2026-07-26T11:58:44.745726+00:00,4611.26897183
ETHUSDT,LONG,2338.87,2324.6887947725704,1.625838177318969,2324.6887947725704,2367.232410454859,23.056344859150013,-23.05634486,7.58219193,-30.63853679,LOSS,STOP_LOSS,2026-07-26T11:58:44.758103+00:00,2026-07-26T11:58:44.758711+00:00,4580.63043504
BTCUSDT,SHORT,73803.0,74247.3852200806,0.051538960208996946,74247.3852200806,72914.22955983882,22.903152175200013,-22.90315218,7.63036291,-30.53351509,LOSS,STOP_LOSS,2026-07-26T11:58:44.770849+00:00,2026-07-26T11:58:44.771538+00:00,4550.09691995
ETHUSDT,LONG,2352.9,2335.5994383406373,1.3150142202139476,2335.5994383406373,2387.501123318725,22.75048459975001,-22.7504846,6.16544343,-28.91592803,LOSS,STOP_LOSS,2026-07-26T11:58:44.784030+00:00,2026-07-26T11:58:44.786695+00:00,4521.18099192
ETHUSDT,SHORT,2337.84,2348.711541864455,2.079365120554929,2348.711541864455,2316.0969162710903,22.60590495960001,-22.60590496,9.74505181,-32.35095677,LOSS,STOP_LOSS,2026-07-26T11:58:44.800073+00:00,2026-07-26T11:58:44.801225+00:00,4488.83003515
BTCUSDT,LONG,74933.5,74669.56508123188,0.08503668359042965,74669.56508123188,75461.36983753623,22.44415017575001,-22.44415018,12.72174851,-35.16589869,LOSS,STOP_LOSS,2026-07-26T11:58:44.813968+00:00,2026-07-26T11:58:44.814240+00:00,4453.66413646
SOLUSDT,LONG,85.7,85.21891425606663,46.28763367676038,85.21891425606663,86.66217148786676,22.268320682300008,-22.26832068,7.91143209,-30.17975277,LOSS,STOP_LOSS,2026-07-26T11:58:44.826705+00:00,2026-07-26T11:58:44.826939+00:00,4423.48438369
SOLUSDT,LONG,85.35,86.8601502503505,29.29168394113961,84.59492487482474,86.8601502503505,22.11742191845001,44.23484384,5.04432529,39.19051854,WIN,TAKE_PROFIT,2026-07-26T11:58:44.840018+00:00,2026-07-26T11:58:44.840433+00:00,4462.67490223
SOLUSDT,LONG,86.69,85.82445333454444,25.779516462472966,85.82445333454444,88.4210933309111,22.31337451115001,-22.31337451,4.44733919,-26.7607137,LOSS,STOP_LOSS,2026-07-26T11:58:44.854138+00:00,2026-07-26T11:58:44.854664+00:00,4435.91418853
SOLUSDT,LONG,85.9,87.68242519135252,24.886958566625733,85.00878740432374,87.68242519135252,22.179570942650006,44.35914189,4.31993862,40.03920326,WIN,TAKE_PROFIT,2026-07-26T11:58:44.867460+00:00,2026-07-26T11:58:44.868008+00:00,4475.95339179
SOLUSDT,LONG,87.81,89.68495458922239,23.872329588773468,86.87252270538882,89.68495458922239,22.379766958950007,44.75953392,4.23721806,40.52231586,WIN,TAKE_PROFIT,2026-07-26T11:58:44.882261+00:00,2026-07-26T11:58:44.882852+00:00,4516.47570765
BTCUSDT,LONG,75191.2,74690.53938429267,0.045105162718553,74690.53938429267,76192.52123141465,22.58237853825001,-22.58237854,6.76044024,-29.34281878,LOSS,STOP_LOSS,2026-07-26T11:58:44.897426+00:00,2026-07-26T11:58:44.898681+00:00,4487.13288887
SOLUSDT,LONG,88.15,87.61505165951182,41.9398710983483,87.61505165951182,89.21989668097639,22.43566444435001,-22.43566444,7.37156361,-29.80722805,LOSS,STOP_LOSS,2026-07-26T11:58:44.911690+00:00,2026-07-26T11:58:44.912055+00:00,4457.32566082
BTCUSDT,SHORT,74587.3,74845.65387067558,0.08626396130943186,74845.65387067558,74070.59225864885,22.28662830410001,-22.2866283,12.89067855,-35.17730686,LOSS,STOP_LOSS,2026-07-26T11:58:44.924584+00:00,2026-07-26T11:58:44.925080+00:00,4422.14835396
BTCUSDT,LONG,74895.1,75348.32546789646,0.09757060596096795,74668.48726605179,75348.32546789646,22.11074176980001,44.22148354,14.65934206,29.56214148,WIN,TAKE_PROFIT,2026-07-26T11:58:44.938232+00:00,2026-07-26T11:58:44.938863+00:00,4451.71049544
SOLUSDT,LONG,88.53,88.0359510528812,45.0533345066469,88.0359510528812,89.5180978942376,22.25855247720001,-22.25855248,7.95488486,-30.21343733,LOSS,STOP_LOSS,2026-07-26T11:58:44.951428+00:00,2026-07-26T11:58:44.952011+00:00,4421.49705811
ETHUSDT,LONG,2345.34,2375.543878079587,1.4638838914855268,2330.238060960207,2375.543878079587,22.107485290550013,44.21497058,6.91082586,37.30414472,WIN,TAKE_PROFIT,2026-07-26T11:58:44.964194+00:00,2026-07-26T11:58:44.964741+00:00,4458.80120283
ETHUSDT,LONG,2370.72,2403.577696081167,1.3570036048223273,2354.2911519594163,2403.577696081167,22.294006014150014,44.58801203,6.47873918,38.10927284,WIN,TAKE_PROFIT,2026-07-26T11:58:44.977557+00:00,2026-07-26T11:58:44.977804+00:00,4496.91047567
BTCUSDT,LONG,76877.4,76377.73695315636,0.04499943015675191,76377.73695315636,77876.72609368726,22.484552378350013,-22.48455238,6.89639383,-29.38094621,LOSS,STOP_LOSS,2026-07-26T11:58:44.990454+00:00,2026-07-26T11:58:44.990817+00:00,4467.52952946
BTCUSDT,LONG,76848.5,78010.76841751607,0.03843801880986972,76267.36579124197,78010.76841751607,22.337647647300013,44.67529529,5.95248347,38.72281182,WIN,TAKE_PROFIT,2026-07-26T11:58:45.004514+00:00,2026-07-26T11:58:45.005462+00:00,4506.25234128
SOLUSDT,LONG,90.25,89.33037087504977,24.500378571219343,89.33037087504977,92.08925824990048,22.531261706400013,-22.53126171,4.39978707,-26.93104878,LOSS,STOP_LOSS,2026-07-26T11:58:45.018676+00:00,2026-07-26T11:58:45.019108+00:00,4479.3212925
ETHUSDT,LONG,2427.23,2402.374381972853,0.9010681785517637,2402.374381972853,2476.9412360542947,22.396606462500014,-22.39660646,4.35180282,-26.74840929,LOSS,STOP_LOSS,2026-07-26T11:58:45.035679+00:00,2026-07-26T11:58:45.037713+00:00,4452.57288321
SOLUSDT,SHORT,88.27,87.36304512370485,49.09365393566773,88.72347743814757,87.36304512370485,22.26286441605001,44.52572883,8.62246794,35.9032609,WIN,TAKE_PROFIT,2026-07-26T11:58:45.052476+00:00,2026-07-26T11:58:45.053555+00:00,4488.47614411
BTCUSDT,SHORT,75908.8,76203.40836640501,0.07617699726048544,76203.40836640501,75319.58326719,22.44238072055001,-22.44238072,11.58745128,-34.029832,LOSS,STOP_LOSS,2026-07-26T11:58:45.066038+00:00,2026-07-26T11:58:45.066571+00:00,4454.44631211
BTCUSDT,SHORT,76041.2,75399.69928848761,0.06943790134867137,76361.9503557562,75399.69928848761,22.272231560550008,44.54446312,10.51573822,34.0287249,WIN,TAKE_PROFIT,2026-07-26T11:58:45.079231+00:00,2026-07-26T11:58:45.079925+00:00,4488.47503701
BTCUSDT,SHORT,75570.0,75159.38312905552,0.10931053628376153,75775.30843547224,75159.38312905552,22.44237518505001,44.88475037,16.4763097,28.40844067,WIN,TAKE_PROFIT,2026-07-26T11:58:45.093204+00:00,2026-07-26T11:58:45.094711+00:00,4516.88347768
BTCUSDT,SHORT,75048.0,75292.31736644606,0.09243885408934298,75292.31736644606,74559.36526710787,22.584417388400013,-22.58441739,13.89728666,-36.48170405,LOSS,STOP_LOSS,2026-07-26T11:58:45.107525+00:00,2026-07-26T11:58:45.108048+00:00,4480.40177363
BTCUSDT,LONG,75877.9,75584.11983422404,0.07625432713941128,75584.11983422404,76465.4603315519,22.40200886815001,-22.40200887,11.54963441,-33.95164328,LOSS,STOP_LOSS,2026-07-26T11:58:45.120820+00:00,2026-07-26T11:58:45.121389+00:00,4446.45013035
ETHUSDT,SHORT,2323.57,2295.9779549981745,1.6114971289934539,2337.366022500913,2295.9779549981745,22.23225065175001,44.4645013,7.44438827,37.02011304,WIN,TAKE_PROFIT,2026-07-26T11:58:45.134985+00:00,2026-07-26T11:58:45.135605+00:00,4483.47024339
ETHUSDT,SHORT,2306.17,2275.1914315751706,1.4472812887623616,2321.6592842124146,2275.1914315751706,22.41735121695001,44.83470243,6.63051868,38.20418376,WIN,TAKE_PROFIT,2026-07-26T11:58:45.150125+00:00,2026-07-26T11:58:45.151060+00:00,4521.67442715
SOLUSDT,SHORT,84.65,83.52429351218645,40.167436859428385,85.21285324390678,83.52429351218645,22.60837213575001,45.21674427,6.75513032,38.46161396,WIN,TAKE_PROFIT,2026-07-26T11:58:45.163674+00:00,2026-07-26T11:58:45.163990+00:00,4560.13604111
BTCUSDT,SHORT,74322.1,74611.20725707474,0.07886581760780928,74611.20725707474,73743.88548585054,22.800680205550012,-22.80068021,11.74574705,-34.54642725,LOSS,STOP_LOSS,2026-07-26T11:58:45.177801+00:00,2026-07-26T11:58:45.178372+00:00,4525.58961386
BTCUSDT,LONG,74996.5,75823.63679282418,0.054713919790797726,74582.9316035879,75823.63679282418,22.62794806930001,45.25589614,8.25196087,37.00393527,WIN,TAKE_PROFIT,2026-07-26T11:58:45.191366+00:00,2026-07-26T11:58:45.192991+00:00,4562.59354913
BTCUSDT,LONG,75668.6,76676.48034465991,0.0452691986038244,75164.65982767005,76676.48034465991,22.812967745650006,45.62593549,6.8965397,38.72939579,WIN,TAKE_PROFIT,2026-07-26T11:58:45.206254+00:00,2026-07-26T11:58:45.209015+00:00,4601.32294492
ETHUSDT,LONG,2322.09,2309.6197476630646,1.8449197420373638,2309.6197476630646,2347.0305046738713,23.00661472460001,-23.00661472,8.54513275,-31.55174748,LOSS,STOP_LOSS,2026-07-26T11:58:45.221960+00:00,2026-07-26T11:58:45.222942+00:00,4569.77119744
SOLUSDT,LONG,85.77,86.71602217432277,48.305117168224065,85.2969889128386,86.71602217432277,22.848855987200007,45.69771197,8.33195751,37.36575446,WIN,TAKE_PROFIT,2026-07-26T11:58:45.235708+00:00,2026-07-26T11:58:45.236068+00:00,4607.1369519
BTCUSDT,LONG,76425.6,75958.67480749915,0.04933485091288452,75958.67480749915,77359.45038500174,23.035684759500008,-23.03568476,7.51785548,-30.55354024,LOSS,STOP_LOSS,2026-07-26T11:58:45.249155+00:00,2026-07-26T11:58:45.249529+00:00,4576.58341166
ETHUSDT,SHORT,2297.93,2315.8020178422344,1.280376802457305,2315.8020178422344,2262.185964315531,22.88291705830001,-22.88291706,5.90731545,-28.79023251,LOSS,STOP_LOSS,2026-07-26T11:58:45.262261+00:00,2026-07-26T11:58:45.262880+00:00,4547.79317915
SOLUSDT,LONG,86.05,85.37749125758671,33.812149138985816,85.37749125758671,87.39501748482658,22.738965895750006,-22.7389659,5.7963319,-28.5352978,LOSS,STOP_LOSS,2026-07-26T11:58:45.275915+00:00,2026-07-26T11:58:45.276375+00:00,4519.25788135
ETHUSDT,SHORT,2299.65,2317.6543388922955,1.2550468829721744,2317.6543388922955,2263.641322215409,22.596289406750007,-22.59628941,5.79493342,-28.39122283,LOSS,STOP_LOSS,2026-07-26T11:58:45.298605+00:00,2026-07-26T11:58:45.299025+00:00,4490.86665852
BTCUSDT,SHORT,74824.7,75385.2154392501,0.04006015128261411,75385.2154392501,73703.66912149978,22.45433329260001,-22.45433329,6.01743194,-28.47176523,LOSS,STOP_LOSS,2026-07-26T11:58:45.311877+00:00,2026-07-26T11:58:45.312232+00:00,4462.39489329
ETHUSDT,LONG,2326.13,2357.788113080048,1.4095580750522985,2310.300943459976,2357.788113080048,22.31197446645001,44.62394893,6.6022546,38.02169433,WIN,TAKE_PROFIT,2026-07-26T11:58:45.324902+00:00,2026-07-26T11:58:45.325582+00:00,4500.41658762
BTCUSDT,LONG,77195.8,78054.58864405623,0.052404239608521946,76766.4056779719,78054.58864405623,22.50208293810001,45.00416588,8.13577857,36.86838731,WIN,TAKE_PROFIT,2026-07-26T11:58:45.338962+00:00,2026-07-26T11:58:45.339756+00:00,4537.28497493
BTCUSDT,LONG,78226.3,77785.82500031346,0.05150445516951962,77785.82500031346,79107.2499993731,22.68642487465001,-22.68642487,8.0353195,-30.72174437,LOSS,STOP_LOSS,2026-07-26T11:58:45.352528+00:00,2026-07-26T11:58:45.353112+00:00,4506.56323056
BTCUSDT,LONG,77855.1,78598.29809744142,0.06063744304613509,77483.50095127929,78598.29809744142,22.53281615280001,45.06563231,9.48693402,35.57869829,WIN,TAKE_PROFIT,2026-07-26T11:58:45.366489+00:00,2026-07-26T11:58:45.367846+00:00,4542.14192885
BTCUSDT,LONG,78564.8,79208.38107725275,0.0705760639862039,78243.00946137363,79208.38107725275,22.71070964425001,45.42141929,11.13501012,34.28640917,WIN,TAKE_PROFIT,2026-07-26T11:58:45.380605+00:00,2026-07-26T11:58:45.381123+00:00,4576.42833802
ETHUSDT,LONG,2410.86,2394.4340895354317,1.3930516508937383,2394.4340895354317,2443.7118209291375,22.88214169010001,-22.88214169,6.69402286,-29.57616455,LOSS,STOP_LOSS,2026-07-26T11:58:45.394119+00:00,2026-07-26T11:58:45.394522+00:00,4546.85217347
BTCUSDT,LONG,78888.3,78461.95861641744,0.05332407723668077,78461.95861641744,79740.98276716513,22.734260867350013,-22.73426087,8.39055734,-31.12481821,LOSS,STOP_LOSS,2026-07-26T11:58:45.407429+00:00,2026-07-26T11:58:45.408265+00:00,4515.72735526
ETHUSDT,LONG,2405.19,2392.3403591446113,1.7571414664738196,2392.3403591446113,2430.889281710778,22.578636776300012,-22.57863678,8.42993953,-31.00857631,LOSS,STOP_LOSS,2026-07-26T11:58:45.421148+00:00,2026-07-26T11:58:45.421657+00:00,4484.71877895
SOLUSDT,SHORT,86.97,86.09168705302518,51.06060196877184,87.4091564734874,86.09168705302518,22.423593894750017,44.84718779,8.83663392,36.01055387,WIN,TAKE_PROFIT,2026-07-26T11:58:45.434753+00:00,2026-07-26T11:58:45.435129+00:00,4520.72933282
SOLUSDT,SHORT,86.82,85.7286622366538,41.42374143600469,87.36566888167309,85.7286622366538,22.603646664100015,45.20729333,7.14761117,38.05968216,WIN,TAKE_PROFIT,2026-07-26T11:58:45.448245+00:00,2026-07-26T11:58:45.448825+00:00,4558.78901498
BTCUSDT,SHORT,77829.7,78231.22740454772,0.05676809307841523,78231.22740454772,77026.64519090454,22.793945074900016,-22.79394507,8.85928125,-31.65322633,LOSS,STOP_LOSS,2026-07-26T11:58:45.461742+00:00,2026-07-26T11:58:45.462582+00:00,4527.13578865
BTCUSDT,LONG,78156.4,77824.53265206104,0.06820700826347693,77824.53265206104,78820.13469587789,22.635678943250017,-22.63567894,10.63899276,-33.27467171,LOSS,STOP_LOSS,2026-07-26T11:58:45.475553+00:00,2026-07-26T11:58:45.476150+00:00,4493.86111694
BTCUSDT,SHORT,77704.3,77095.86598183907,0.07385946516474087,78008.51700908046,77095.86598183907,22.46930558470002,44.93861117,11.43345747,33.5051537,WIN,TAKE_PROFIT,2026-07-26T11:58:45.489127+00:00,2026-07-26T11:58:45.489672+00:00,4527.36627064
BTCUSDT,LONG,77826.8,77479.45649569346,0.06517131045359088,77479.45649569346,78521.4870086131,22.63683135320002,-22.63683135,10.12151226,-32.75834361,LOSS,STOP_LOSS,2026-07-26T11:58:45.502839+00:00,2026-07-26T11:58:45.503177+00:00,4494.60792703
SOLUSDT,SHORT,85.54,85.92996404143477,57.62849198214946,85.92996404143477,84.76007191713047,22.473039635150016,-22.47303964,9.88155545,-32.35459508,LOSS,STOP_LOSS,2026-07-26T11:58:45.521935+00:00,2026-07-26T11:58:45.522257+00:00,4462.25333195
BTCUSDT,LONG,78132.8,77744.03282547215,0.05738979039793288,77744.03282547215,78910.3343490557,22.311266659750018,-22.31126666,8.94573876,-31.25700542,LOSS,STOP_LOSS,2026-07-26T11:58:45.536135+00:00,2026-07-26T11:58:45.536740+00:00,4430.99632653
ETHUSDT,SHORT,2317.4,2289.443360654479,1.5849531382390185,2331.3783196727604,2289.443360654479,22.15498163265002,44.30996327,7.30163084,37.00833242,WIN,TAKE_PROFIT,2026-07-26T11:58:45.549949+00:00,2026-07-26T11:58:45.550305+00:00,4468.00465895
BTCUSDT,LONG,77982.5,77456.7183182633,0.042489162461802205,77456.7183182633,79034.0633634734,22.340023294750022,-22.34002329,6.6044822,-28.94450549,LOSS,STOP_LOSS,2026-07-26T11:58:45.564582+00:00,2026-07-26T11:58:45.568092+00:00,4439.06015346
SOLUSDT,SHORT,85.29,85.68345863001728,56.41076106610025,85.68345863001728,84.50308273996544,22.195300767300022,-22.19530077,9.64474292,-31.84004369,LOSS,STOP_LOSS,2026-07-26T11:58:45.581807+00:00,2026-07-26T11:58:45.582230+00:00,4407.22010977
SOLUSDT,SHORT,85.58,84.8142578725125,57.55488631963698,85.96287106374375,84.8142578725125,22.036100548850023,44.0722011,9.80702214,34.26517896,WIN,TAKE_PROFIT,2026-07-26T11:58:45.597446+00:00,2026-07-26T11:58:45.598079+00:00,4441.48528873
BTCUSDT,SHORT,77477.8,77779.7712477138,0.07354152626046868,77779.7712477138,76873.85750457243,22.207426443650025,-22.20742644,11.41787875,-33.6253052,LOSS,STOP_LOSS,2026-07-26T11:58:45.611724+00:00,2026-07-26T11:58:45.612302+00:00,4407.85998353
BTCUSDT,LONG,78194.8,77891.4292625889,0.07264807445084866,77891.4292625889,78801.5414748222,22.039299917650023,-22.03929992,11.339364,-33.37866392,LOSS,STOP_LOSS,2026-07-26T11:58:45.625731+00:00,2026-07-26T11:58:45.626351+00:00,4374.48131961
BTCUSDT,LONG,78050.1,77727.45136634608,0.06779017270381833,77727.45136634608,78695.39726730784,21.872406598050024,-21.8724066,10.56018711,-32.43259371,LOSS,STOP_LOSS,2026-07-26T11:58:45.640645+00:00,2026-07-26T11:58:45.640933+00:00,4342.0487259
SOLUSDT,LONG,86.13,85.65205863778185,45.42449209405526,85.65205863778185,87.08588272443627,21.710243629500024,-21.71024363,7.80311276,-29.51335639,LOSS,STOP_LOSS,2026-07-26T11:58:45.654030+00:00,2026-07-26T11:58:45.654412+00:00,4312.53536951
ETHUSDT,SHORT,2307.3,2319.5611970716864,1.7586110655820804,2319.5611970716864,2282.777605856628,21.562676847550023,-21.56267685,8.1368493,-29.69952615,LOSS,STOP_LOSS,2026-07-26T11:58:45.667753+00:00,2026-07-26T11:58:45.668045+00:00,4282.83584336
BTCUSDT,LONG,77944.4,77565.78996136291,0.05655998793346027,77565.78996136291,78701.62007727414,21.414179216800026,-21.41417922,8.79565447,-30.20983368,LOSS,STOP_LOSS,2026-07-26T11:58:45.681429+00:00,2026-07-26T11:58:45.681864+00:00,4252.62600968
SOLUSDT,LONG,86.25,85.74532367245178,42.13221204905529,85.74532367245178,87.25935265509644,21.263130048400026,-21.26313005,7.24654345,-28.5096735,LOSS,STOP_LOSS,2026-07-26T11:58:45.695158+00:00,2026-07-26T11:58:45.699347+00:00,4224.11633618
ETHUSDT,SHORT,2307.16,2313.582766802137,3.288393044859096,2313.582766802137,2294.3144663957255,21.120581680900028,-21.12058168,15.19481838,-36.31540006,LOSS,STOP_LOSS,2026-07-26T11:58:45.712687+00:00,2026-07-26T11:58:45.713724+00:00,4187.80093612
BTCUSDT,LONG,77559.9,77433.71528394343,0.1659393097275957,77433.71528394343,77812.26943211314,20.93900468060003,-20.93900468,25.71953353,-46.65853821,LOSS,STOP_LOSS,2026-07-26T11:58:45.727292+00:00,2026-07-26T11:58:45.727676+00:00,4141.14239791
BTCUSDT,LONG,77509.5,77379.74814464568,0.1595793133979257,77379.74814464568,77769.00371070865,20.70571198955003,-20.70571199,24.71711987,-45.42283186,LOSS,STOP_LOSS,2026-07-26T11:58:45.744575+00:00,2026-07-26T11:58:45.745413+00:00,4095.71956605
ETHUSDT,SHORT,2311.0,2315.537170211165,4.513517650242769,2315.537170211165,2301.9256595776696,20.478597830250028,-20.47859783,20.88195718,-41.36055501,LOSS,STOP_LOSS,2026-07-26T11:58:45.759094+00:00,2026-07-26T11:58:45.759681+00:00,4054.35901104
BTCUSDT,LONG,77727.0,78031.3593808378,0.13320959583632944,77574.82030958109,78031.3593808378,20.271795055200027,40.54359011,20.7485081,19.79508201,WIN,TAKE_PROFIT,2026-07-26T11:58:45.773363+00:00,2026-07-26T11:58:45.773599+00:00,4074.15409305
SOLUSDT,LONG,86.52,86.19380760652464,62.45017012264963,86.19380760652464,87.1723847869507,20.37077046525003,-20.37077047,10.78600667,-31.15677713,LOSS,STOP_LOSS,2026-07-26T11:58:45.787162+00:00,2026-07-26T11:58:45.788575+00:00,4042.99731592
BTCUSDT,LONG,77950.0,78258.25421816432,0.13115789104189152,77795.87289091783,78258.25421816432,20.214986579600026,40.42997316,20.48794519,19.94202797,WIN,TAKE_PROFIT,2026-07-26T11:58:45.802109+00:00,2026-07-26T11:58:45.803205+00:00,4062.93934389
BTCUSDT,LONG,78138.6,77956.95063466486,0.11183466940260355,77956.95063466486,78501.89873067032,20.314696719450026,-20.31469672,17.4568943,-37.77159102,LOSS,STOP_LOSS,2026-07-26T11:58:45.816547+00:00,2026-07-26T11:58:45.817356+00:00,4025.16775287
BTCUSDT,LONG,78369.7,78029.45614200221,0.05915121843134331,78029.45614200221,79050.18771599558,20.125838764350025,-20.12583876,9.25120065,-29.37703941,LOSS,STOP_LOSS,2026-07-26T11:58:45.830969+00:00,2026-07-26T11:58:45.831294+00:00,3995.79071346
BTCUSDT,LONG,78241.3,79023.82894024864,0.051062529549263234,77850.03552987568,79023.82894024864,19.978953567300024,39.95790713,8.03035529,31.92755184,WIN,TAKE_PROFIT,2026-07-26T11:58:45.844856+00:00,2026-07-26T11:58:45.845528+00:00,4027.7182653
SOLUSDT,LONG,87.31,86.78562917128913,38.40524724842022,86.78562917128913,88.35874165742175,20.138591326500023,-20.13859133,6.68618568,-26.82477701,LOSS,STOP_LOSS,2026-07-26T11:58:45.861076+00:00,2026-07-26T11:58:45.862233+00:00,4000.89348829
SOLUSDT,SHORT,85.27,85.7451191550247,42.10410636971661,85.7451191550247,84.31976168995058,20.004467441450025,-20.00446744,7.20043877,-27.20490621,LOSS,STOP_LOSS,2026-07-26T11:58:45.881006+00:00,2026-07-26T11:58:45.882459+00:00,3973.68858208
BTCUSDT,SHORT,77776.0,77140.6759264046,0.06254585253778067,78093.6620367977,77140.6759264046,19.868442910400024,39.73688582,9.68939557,30.04749025,WIN,TAKE_PROFIT,2026-07-26T11:58:45.896462+00:00,2026-07-26T11:58:45.896857+00:00,4003.73607233
SOLUSDT,SHORT,84.28,84.75904637720365,41.78860610220205,84.75904637720365,83.32190724559271,20.018680361650024,-20.01868036,7.06390612,-27.08258649,LOSS,STOP_LOSS,2026-07-26T11:58:45.912701+00:00,2026-07-26T11:58:45.914195+00:00,3976.65348584
SOLUSDT,SHORT,84.43,83.7897468901901,62.11064694431116,84.75012655490495,83.7897468901901,19.883267429200025,39.76653486,10.44823731,29.31829755,WIN,TAKE_PROFIT,2026-07-26T11:58:45.928575+00:00,2026-07-26T11:58:45.929398+00:00,4005.97178339
ETHUSDT,SHORT,2284.85,2294.6363057449494,2.0467231904426786,2294.6363057449494,2265.2773885101014,20.029858916950026,-20.02985892,9.37294082,-29.40279974,LOSS,STOP_LOSS,2026-07-26T11:58:45.945501+00:00,2026-07-26T11:58:45.945975+00:00,3976.56898365
ETHUSDT,SHORT,2286.88,2266.783313671538,1.9787187393267582,2296.928343164231,2266.783313671538,19.882844918250026,39.76568984,9.01041893,30.75527091,WIN,TAKE_PROFIT,2026-07-26T11:58:45.960129+00:00,2026-07-26T11:58:45.960671+00:00,4007.32425456
ETHUSDT,SHORT,2270.58,2281.2748693022077,1.8734797692819216,2281.2748693022077,2249.190261395585,20.036621272800026,-20.03662127,8.52780801,-28.56442928,LOSS,STOP_LOSS,2026-07-26T11:58:45.975607+00:00,2026-07-26T11:58:45.976144+00:00,3978.75982528
ETHUSDT,SHORT,2281.42,2259.6406152571662,1.8268467508427604,2292.309692371417,2259.6406152571662,19.893799126400026,39.78759825,8.29582183,31.49177642,WIN,TAKE_PROFIT,2026-07-26T11:58:45.990827+00:00,2026-07-26T11:58:45.991979+00:00,4010.2516017
ETHUSDT,SHORT,2266.52,2276.977033355016,1.917490107161402,2276.977033355016,2245.605933289968,20.051258008500028,-20.05125801,8.71211061,-28.76336862,LOSS,STOP_LOSS,2026-07-26T11:58:46.006777+00:00,2026-07-26T11:58:46.007105+00:00,3981.48823308
ETHUSDT,SHORT,2275.77,2287.2927481479473,1.727664347931279,2287.2927481479473,2252.7245037041052,19.907441165400027,-19.90744117,7.88344083,-27.79088199,LOSS,STOP_LOSS,2026-07-26T11:58:46.021468+00:00,2026-07-26T11:58:46.022268+00:00,3953.69735109
ETHUSDT,LONG,2295.91,2284.1073637790987,1.674921296010308,2284.1073637790987,2319.515272441802,19.768486755450027,-19.76848676,7.67116862,-27.43965537,LOSS,STOP_LOSS,2026-07-26T11:58:46.036505+00:00,2026-07-26T11:58:46.037462+00:00,3926.25769572
BTCUSDT,SHORT,76240.8,76436.5084577787,0.10030884051417725,76436.5084577787,75849.38308444258,19.631288478600027,-19.63128848,15.31488378,-34.94617226,LOSS,STOP_LOSS,2026-07-26T11:58:46.051496+00:00,2026-07-26T11:58:46.052059+00:00,3891.31152346
ETHUSDT,LONG,2291.61,2284.150589480463,2.6083237497575356,2284.150589480463,2306.5288210390745,19.456557617300028,-19.45655762,11.93506502,-31.39162264,LOSS,STOP_LOSS,2026-07-26T11:58:46.066413+00:00,2026-07-26T11:58:46.066800+00:00,3859.91990082
ETHUSDT,SHORT,2283.38,2291.4648097681415,2.3871433042432786,2291.4648097681415,2267.210380463717,19.299599504100026,-19.2995995,10.92081016,-30.22040966,LOSS,STOP_LOSS,2026-07-26T11:58:46.081235+00:00,2026-07-26T11:58:46.081702+00:00,3829.69949116
BTCUSDT,LONG,76534.9,76994.61511415732,0.08330592954682273,76305.04244292133,76994.61511415732,19.148497455800026,38.29699491,12.78991897,25.50707594,WIN,TAKE_PROFIT,2026-07-26T11:58:46.096236+00:00,2026-07-26T11:58:46.096885+00:00,3855.2065671
BTCUSDT,LONG,76978.5,77432.35704760197,0.08494319053696814,76751.57147619901,77432.35704760197,19.27603283550003,38.55206567,13.11615085,25.43591482,WIN,TAKE_PROFIT,2026-07-26T11:58:46.111687+00:00,2026-07-26T11:58:46.112506+00:00,3880.64248192
BTCUSDT,LONG,77552.5,77295.72361813512,0.07556463047216633,77295.72361813512,78066.05276372978,19.403212409600027,-19.40321241,11.7010488,-31.10426121,LOSS,STOP_LOSS,2026-07-26T11:58:46.127035+00:00,2026-07-26T11:58:46.127314+00:00,3849.53822071
SOLUSDT,SHORT,84.19,83.35629645291483,46.17394557296711,84.60685177354259,83.35629645291483,19.24769110355003,38.49538221,7.73627357,30.75910863,WIN,TAKE_PROFIT,2026-07-26T11:58:46.141580+00:00,2026-07-26T11:58:46.142175+00:00,3880.29732934
BTCUSDT,SHORT,76226.6,75458.57150864079,0.05052283050688472,76610.61424567961,75458.57150864079,19.40148664670003,38.80297329,7.66356421,31.13940908,WIN,TAKE_PROFIT,2026-07-26T11:58:46.156711+00:00,2026-07-26T11:58:46.157521+00:00,3911.43673842
BTCUSDT,SHORT,75146.9,75653.5312135298,0.03860240579304426,75653.5312135298,74133.63757294038,19.557183692100025,-19.55718369,5.82125944,-25.37844313,LOSS,STOP_LOSS,2026-07-26T11:58:46.172303+00:00,2026-07-26T11:58:46.172917+00:00,3886.05829529
BTCUSDT,SHORT,75484.4,75925.69155666538,0.04403050813678587,75925.69155666538,74601.81688666923,19.430291476450027,-19.43029148,6.66666327,-26.09695474,LOSS,STOP_LOSS,2026-07-26T11:58:46.187432+00:00,2026-07-26T11:58:46.187974+00:00,3859.96134055
ETHUSDT,SHORT,2251.52,2267.557125770788,1.2034454913301813,2267.557125770788,2219.4457484584236,19.299806702750026,-19.2998067,5.43846299,-24.73826969,LOSS,STOP_LOSS,2026-07-26T11:58:46.202767+00:00,2026-07-26T11:58:46.203474+00:00,3835.22307086
BTCUSDT,SHORT,75575.5,75939.71157321679,0.05265103243406865,75939.71157321679,74847.07685356644,19.176115354300027,-19.17611535,7.97743232,-27.15354767,LOSS,STOP_LOSS,2026-07-26T11:58:46.218113+00:00,2026-07-26T11:58:46.218617+00:00,3808.06952319
ETHUSDT,SHORT,2252.98,2267.509855713,1.3104292287579127,2267.509855713,2223.9202885740006,19.040347615950026,-19.04034762,5.92378204,-24.96412965,LOSS,STOP_LOSS,2026-07-26T11:58:46.233140+00:00,2026-07-26T11:58:46.234458+00:00,3783.10539354
SOLUSDT,SHORT,82.97,83.32271320223195,53.628633257852826,83.32271320223195,82.2645735955361,18.91552696770003,-18.91552697,8.91805093,-27.8335779,LOSS,STOP_LOSS,2026-07-26T11:58:46.249124+00:00,2026-07-26T11:58:46.249629+00:00,3755.27181564
BTCUSDT,LONG,76117.4,75876.10200150814,0.0778139860071593,75876.10200150814,76599.9959969837,18.776359078200027,-18.77635908,11.82722024,-30.60357932,LOSS,STOP_LOSS,2026-07-26T11:58:46.264429+00:00,2026-07-26T11:58:46.264757+00:00,3724.66823632
SOLUSDT,SHORT,82.9,83.25049946888521,53.133721545523464,83.25049946888521,82.19900106222961,18.62334118160003,-18.62334118,8.82819437,-27.45153556,LOSS,STOP_LOSS,2026-07-26T11:58:46.279389+00:00,2026-07-26T11:58:46.279812+00:00,3697.21670076
BTCUSDT,LONG,76298.8,76808.67611766687,0.07251205876592184,76043.86194116657,76808.67611766687,18.486083503800028,36.97216701,11.10213831,25.8700287,WIN,TAKE_PROFIT,2026-07-26T11:58:46.295012+00:00,2026-07-26T11:58:46.297684+00:00,3723.08672946
SOLUSDT,LONG,83.86,84.58063788908967,51.66376603044127,83.49968105545516,84.58063788908967,18.61543364730003,37.23086729,8.70227771,28.52858959,WIN,TAKE_PROFIT,2026-07-26T11:58:46.314233+00:00,2026-07-26T11:58:46.316198+00:00,3751.61531905
SOLUSDT,LONG,84.56,84.16596257425152,47.60480951680869,84.16596257425152,85.34807485149696,18.758076595250028,-18.7580766,8.03216731,-26.7902439,LOSS,STOP_LOSS,2026-07-26T11:58:46.330808+00:00,2026-07-26T11:58:46.331107+00:00,3724.82507515
BTCUSDT,LONG,78312.9,77891.9570439008,0.0442438223657103,77891.9570439008,79154.7859121984,18.62412537575003,-18.62412538,6.91109995,-25.53522532,LOSS,STOP_LOSS,2026-07-26T11:58:46.345396+00:00,2026-07-26T11:58:46.346846+00:00,3699.28984983
SOLUSDT,SHORT,83.46,83.8267912943743,50.42772152131467,83.8267912943743,82.72641741125139,18.49644924915003,-18.49644925,8.43589173,-26.93234097,LOSS,STOP_LOSS,2026-07-26T11:58:46.361685+00:00,2026-07-26T11:58:46.362208+00:00,3672.35750886
BTCUSDT,LONG,78300.0,78021.43321244032,0.06591520728351719,78021.43321244032,78857.13357511937,18.36178754430003,-18.36178754,10.30395967,-28.66574722,LOSS,STOP_LOSS,2026-07-26T11:58:46.376976+00:00,2026-07-26T11:58:46.377427+00:00,3643.69176164
SOLUSDT,SHORT,83.54,83.86264927293907,56.46520955167699,83.86264927293907,82.8947014541219,18.21845880820003,-18.21845881,9.45242567,-27.67088448,LOSS,STOP_LOSS,2026-07-26T11:58:46.392473+00:00,2026-07-26T11:58:46.393137+00:00,3616.02087716
BTCUSDT,LONG,78335.0,78107.31614860409,0.07940881303154748,78107.31614860409,78790.3677027918,18.08010438580003,-18.08010439,12.42289863,-30.50300302,LOSS,STOP_LOSS,2026-07-26T11:58:46.408829+00:00,2026-07-26T11:58:46.409867+00:00,3585.51787414
SOLUSDT,SHORT,83.58,83.83631816281344,69.94271952451614,83.83631816281344,83.06736367437311,17.92758937070003,-17.92758937,11.70955259,-29.63714196,LOSS,STOP_LOSS,2026-07-26T11:58:46.424465+00:00,2026-07-26T11:58:46.425397+00:00,3555.88073218
BTCUSDT,LONG,78272.2,78119.34092655576,0.11631238669901406,78119.34092655576,78577.91814688849,17.77940366090003,-17.77940366,18.19027338,-35.96967705,LOSS,STOP_LOSS,2026-07-26T11:58:46.439954+00:00,2026-07-26T11:58:46.440766+00:00,3519.91105513
SOLUSDT,SHORT,83.64,83.82602156640641,94.61029500848161,83.82602156640641,83.26795686718718,17.59955527565003,-17.59955528,15.8440097,-33.44356498,LOSS,STOP_LOSS,2026-07-26T11:58:46.455425+00:00,2026-07-26T11:58:46.455872+00:00,3486.46749015
BTCUSDT,LONG,78208.0,78467.88014233051,0.13415674852586595,78078.05992883474,78467.88014233051,17.43233745075003,34.8646749,21.01912665,13.84554825,WIN,TAKE_PROFIT,2026-07-26T11:58:46.470714+00:00,2026-07-26T11:58:46.471712+00:00,3500.3130384
BTCUSDT,LONG,78498.5,78356.80301641455,0.12351402795702311,78356.80301641455,78781.89396717091,17.50156519200003,-17.50156519,19.37383028,-36.87539547,LOSS,STOP_LOSS,2026-07-26T11:58:46.486195+00:00,2026-07-26T11:58:46.486883+00:00,3463.43764293
ETHUSDT,LONG,2308.17,2317.106560263774,3.875582484425957,2303.701719868113,2317.106560263774,17.31718821465003,34.63437643,17.92564082,16.70873561,WIN,TAKE_PROFIT,2026-07-26T11:58:46.503478+00:00,2026-07-26T11:58:46.504405+00:00,3480.14637854
BTCUSDT,LONG,78767.0,78599.61972245808,0.10395927255134979,78599.61972245808,79101.76055508382,17.40073189270003,-17.40073189,16.35971931,-33.7604512,LOSS,STOP_LOSS,2026-07-26T11:58:46.519110+00:00,2026-07-26T11:58:46.519612+00:00,3446.38592734
BTCUSDT,LONG,78590.0,78403.44017137041,0.09236677457993508,78403.44017137041,78963.11965725917,17.23192963670003,-17.23192964,14.5009777,-31.73290734,LOSS,STOP_LOSS,2026-07-26T11:58:46.534171+00:00,2026-07-26T11:58:46.534959+00:00,3414.65302
SOLUSDT,SHORT,83.7,84.00262280499201,56.41764208897244,84.00262280499201,83.09475439001599,17.07326510000003,-17.0732651,9.46138655,-26.53465165,LOSS,STOP_LOSS,2026-07-26T11:58:46.549682+00:00,2026-07-26T11:58:46.551594+00:00,3388.11836835
BTCUSDT,LONG,78473.8,78794.90622160846,0.1055139433729639,78313.24688919578,78794.90622160846,16.94059184175003,33.88118368,16.59404136,17.28714232,WIN,TAKE_PROFIT,2026-07-26T11:58:46.566168+00:00,2026-07-26T11:58:46.566922+00:00,3405.40551067
BTCUSDT,LONG,78620.5,78972.92850928061,0.09662684547346015,78444.2857453597,78972.92850928061,17.02702755335003,34.05405511,15.22775586,18.82629924,WIN,TAKE_PROFIT,2026-07-26T11:58:46.581720+00:00,2026-07-26T11:58:46.583635+00:00,3424.23180991
BTCUSDT,LONG,78884.7,79230.92132442367,0.09890297241540498,78711.58933778816,79230.92132442367,17.12115904955003,34.2423181,15.63810493,18.60421316,WIN,TAKE_PROFIT,2026-07-26T11:58:46.598779+00:00,2026-07-26T11:58:46.599024+00:00,3442.83602307
BTCUSDT,LONG,78978.2,78774.21152794614,0.08438800458687498,78774.21152794614,79386.1769441077,17.214180115350032,-17.21418012,13.31241123,-30.52659134,LOSS,STOP_LOSS,2026-07-26T11:58:46.614934+00:00,2026-07-26T11:58:46.615398+00:00,3412.30943173
BTCUSDT,LONG,78794.5,79259.66246413061,0.07335736855095658,78561.9187679347,79259.66246413061,17.061547158650033,34.12309432,11.59443745,22.52865687,WIN,TAKE_PROFIT,2026-07-26T11:58:46.630362+00:00,2026-07-26T11:58:46.630615+00:00,3434.8380886
BTCUSDT,LONG,79230.8,78953.9209987965,0.06202778241885385,78953.9209987965,79784.558002407,17.174190443000033,-17.17419044,9.81184746,-26.9860379,LOSS,STOP_LOSS,2026-07-26T11:58:46.645583+00:00,2026-07-26T11:58:46.645832+00:00,3407.8520507
BTCUSDT,LONG,79049.7,78738.89807031104,0.05482353430222368,78738.89807031104,79671.30385937792,17.039260253500032,-17.03926025,8.65052862,-25.68978887,LOSS,STOP_LOSS,2026-07-26T11:58:46.660650+00:00,2026-07-26T11:58:46.661039+00:00,3382.16226183
SOLUSDT,SHORT,83.87,84.28416895081104,40.83070755553939,84.28416895081104,83.04166209837793,16.91081130915003,-16.91081131,6.8658537,-23.77666501,LOSS,STOP_LOSS,2026-07-26T11:58:46.676045+00:00,2026-07-26T11:58:46.676641+00:00,3358.38559682
BTCUSDT,LONG,78749.9,79453.87782665434,0.047705843418119426,78397.91108667283,79453.87782665434,16.79192798410003,33.58385597,7.54724465,26.03661132,WIN,TAKE_PROFIT,2026-07-26T11:58:46.691567+00:00,2026-07-26T11:58:46.691814+00:00,3384.42220814
ETHUSDT,LONG,2350.48,2384.4613690717997,0.9959640534167404,2333.4893154641,2384.4613690717997,16.922111040700027,33.84422208,4.7158314,29.12839068,WIN,TAKE_PROFIT,2026-07-26T11:58:46.707473+00:00,2026-07-26T11:58:46.707931+00:00,3413.55059882
BTCUSDT,LONG,80136.6,79609.9511225866,0.03240822059267849,79609.9511225866,81189.89775482682,17.06775299410003,-17.06775299,5.17710147,-22.24485446,LOSS,STOP_LOSS,2026-07-26T11:58:46.724612+00:00,2026-07-26T11:58:46.725462+00:00,3391.30574436
BTCUSDT,LONG,79824.7,79414.58387686494,0.041345676907748125,79414.58387686494,80644.9322462701,16.956528721800026,-16.95652872,6.58385598,-23.5403847,LOSS,STOP_LOSS,2026-07-26T11:58:46.742387+00:00,2026-07-26T11:58:46.743203+00:00,3367.76535966
SOLUSDT,SHORT,84.0,84.58661275210514,28.705183680156402,84.58661275210514,82.82677449578972,16.83882679830003,-16.8388268,4.83930969,-21.67813648,LOSS,STOP_LOSS,2026-07-26T11:58:46.759906+00:00,2026-07-26T11:58:46.760866+00:00,3346.08722318
ETHUSDT,LONG,2351.6,2336.037236826185,1.0750299242521315,2336.037236826185,2382.7255263476295,16.73043611590003,-16.73043612,5.0393503,-21.76978642,LOSS,STOP_LOSS,2026-07-26T11:58:46.776541+00:00,2026-07-26T11:58:46.777023+00:00,3324.31743676
BTCUSDT,LONG,79976.7,81247.12694941665,0.026166931032803206,79341.48652529168,81247.12694941665,16.62158718380003,33.24317437,4.21873276,29.02444161,WIN,TAKE_PROFIT,2026-07-26T11:58:46.792220+00:00,2026-07-26T11:58:46.795277+00:00,3353.34187837
BTCUSDT,LONG,80988.1,80653.95374959696,0.050177757109726086,80653.95374959696,81656.3925008061,16.76670939185003,-16.76670939,8.11083571,-24.8775451,LOSS,STOP_LOSS,2026-07-26T11:58:46.810392+00:00,2026-07-26T11:58:46.811228+00:00,3328.46433327
SOLUSDT,LONG,84.74,85.34145180140169,55.34049986238232,84.43927409929915,85.34145180140169,16.64232166635003,33.28464333,9.41239256,23.87225077,WIN,TAKE_PROFIT,2026-07-26T11:58:46.827707+00:00,2026-07-26T11:58:46.828754+00:00,3352.33658404
BTCUSDT,LONG,81579.9,81316.3822080266,0.06360740500547361,81316.3822080266,82106.93558394679,16.761682920200027,-16.76168292,10.3614098,-27.12309272,LOSS,STOP_LOSS,2026-07-26T11:58:46.844062+00:00,2026-07-26T11:58:46.844421+00:00,3325.21349132
BTCUSDT,LONG,81362.9,81069.58516916579,0.056683350819031114,81069.58516916579,81949.5296616684,16.62606745660003,-16.62606746,9.20721754,-25.833285,LOSS,STOP_LOSS,2026-07-26T11:58:46.860975+00:00,2026-07-26T11:58:46.861280+00:00,3299.38020632
SOLUSDT,LONG,85.34,86.19643831094729,38.5244350252229,84.91178084452636,86.19643831094729,16.49690103160003,32.99380206,6.60834437,26.38545769,WIN,TAKE_PROFIT,2026-07-26T11:58:46.878601+00:00,2026-07-26T11:58:46.879779+00:00,3325.76566401
BTCUSDT,LONG,81490.0,81177.32039614531,0.053181685389937644,81177.32039614531,82115.35920770936,16.628828320050026,-16.62882832,8.65092226,-25.27975058,LOSS,STOP_LOSS,2026-07-26T11:58:46.895009+00:00,2026-07-26T11:58:46.895810+00:00,3300.48591343
SOLUSDT,LONG,86.35,87.35252378894542,32.92177153124576,85.84873810552729,87.35252378894542,16.502429567150028,33.00485913,5.7185948,27.28626433,WIN,TAKE_PROFIT,2026-07-26T11:58:46.912082+00:00,2026-07-26T11:58:46.913190+00:00,3327.77217776
BTCUSDT,LONG,81576.7,81225.98545347199,0.04744274525684981,81225.98545347199,82278.12909305602,16.63886088880003,-16.63886089,7.72380633,-24.36266722,LOSS,STOP_LOSS,2026-07-26T11:58:46.928493+00:00,2026-07-26T11:58:46.929229+00:00,3303.40951054
ETHUSDT,SHORT,2364.56,2375.781973203742,1.471848778536773,2375.781973203742,2342.116053592516,16.517047552700028,-16.51704755,6.97706654,-23.4941141,LOSS,STOP_LOSS,2026-07-26T11:58:46.944847+00:00,2026-07-26T11:58:46.945716+00:00,3279.91539644
BTCUSDT,LONG,81507.4,82058.80944144244,0.05948239456799998,81231.69527927878,82058.80944144244,16.399576982200028,32.79915396,9.72930981,23.06984416,WIN,TAKE_PROFIT,2026-07-26T11:58:46.967917+00:00,2026-07-26T11:58:46.968627+00:00,3302.9852406
BTCUSDT,LONG,81996.7,82632.54594966379,0.051946312504569096,81678.77702516809,82632.54594966379,16.514926203000027,33.02985241,8.55188226,24.47797015,WIN,TAKE_PROFIT,2026-07-26T11:58:46.985963+00:00,2026-07-26T11:58:46.986524+00:00,3327.46321075
BTCUSDT,LONG,82643.0,82290.86162593291,0.04724652942987752,82290.86162593291,83347.27674813419,16.637316053750027,-16.63731605,7.79255255,-24.4298686,LOSS,STOP_LOSS,2026-07-26T11:58:47.001626+00:00,2026-07-26T11:58:47.002021+00:00,3303.03334215
BTCUSDT,LONG,82150.0,81791.18614875167,0.04602711587998422,81791.18614875167,82867.62770249665,16.515166710750027,-16.51516671,7.54573997,-24.06090668,LOSS,STOP_LOSS,2026-07-26T11:58:47.017024+00:00,2026-07-26T11:58:47.017553+00:00,3278.97243547
SOLUSDT,LONG,88.71,87.95479779199893,21.709234962044537,87.95479779199893,90.22040441600213,16.394862177350028,-16.39486218,3.8352576,-20.23011978,LOSS,STOP_LOSS,2026-07-26T11:58:47.032840+00:00,2026-07-26T11:58:47.034830+00:00,3258.74231569
SOLUSDT,SHORT,88.29,88.80478227157933,31.65165639535715,88.80478227157933,87.26043545684136,16.293711578450026,-16.29371158,5.6053432,-21.89905478,LOSS,STOP_LOSS,2026-07-26T11:58:47.049892+00:00,2026-07-26T11:58:47.050858+00:00,3236.84326091
SOLUSDT,LONG,88.53,89.58135990842946,30.78720460004272,88.00432004578526,89.58135990842946,16.184216304550027,32.36843261,5.48355088,26.88488173,WIN,TAKE_PROFIT,2026-07-26T11:58:47.066035+00:00,2026-07-26T11:58:47.066834+00:00,3263.72814264
SOLUSDT,LONG,90.14,89.55643947250488,27.963921383178953,89.55643947250488,91.30712105499025,16.318640713200026,-16.31864071,5.02501711,-21.34365782,LOSS,STOP_LOSS,2026-07-26T11:58:47.082021+00:00,2026-07-26T11:58:47.082511+00:00,3242.38448482
SOLUSDT,LONG,89.56,88.95814446517628,26.93656780750264,88.95814446517628,90.76371106964746,16.211922424100027,-16.21192242,4.8086661,-21.02058853,LOSS,STOP_LOSS,2026-07-26T11:58:47.097756+00:00,2026-07-26T11:58:47.098248+00:00,3221.36389629
ETHUSDT,SHORT,2317.29,2328.0858276362146,1.4919485586653458,2328.0858276362146,2295.6983447275707,16.106819481450028,-16.10681948,6.93066177,-23.03748125,LOSS,STOP_LOSS,2026-07-26T11:58:47.113859+00:00,2026-07-26T11:58:47.114170+00:00,3198.32641504
SOLUSDT,LONG,89.41,88.81873525312136,27.046483254112317,88.81873525312136,90.59252949375727,15.991632075200027,-15.99163208,4.8204605,-20.81209258,LOSS,STOP_LOSS,2026-07-26T11:58:47.129695+00:00,2026-07-26T11:58:47.130462+00:00,3177.51432246
BTCUSDT,SHORT,80457.5,79775.01362217695,0.046557915669986225,80798.74318891153,79775.01362217695,15.887571612300029,31.77514322,7.46009186,24.31505137,WIN,TAKE_PROFIT,2026-07-26T11:58:47.145944+00:00,2026-07-26T11:58:47.146516+00:00,3201.82937383
SOLUSDT,SHORT,88.03,88.72071078638645,23.177786107705227,88.72071078638645,86.6485784272271,16.00914686915003,-16.00914687,4.09669017,-20.10583704,LOSS,STOP_LOSS,2026-07-26T11:58:47.161892+00:00,2026-07-26T11:58:47.162425+00:00,3181.72353679
SOLUSDT,LONG,88.81,88.1497555017275,24.095040133729327,88.1497555017275,90.13048899654501,15.908617683950029,-15.90861768,4.26385241,-20.17247009,LOSS,STOP_LOSS,2026-07-26T11:58:47.177961+00:00,2026-07-26T11:58:47.178708+00:00,3161.5510667
ETHUSDT,SHORT,2288.99,2264.9496580754517,1.3151023710988445,2301.0101709622736,2264.9496580754517,15.80775533350003,31.61551067,5.98889684,25.62661382,WIN,TAKE_PROFIT,2026-07-26T11:58:47.195982+00:00,2026-07-26T11:58:47.197284+00:00,3187.17768052
ETHUSDT,SHORT,2271.7,2282.44749283929,1.482754037699088,2282.44749283929,2250.2050143214187,15.935888402600028,-15.9358884,6.75268058,-22.68856899,LOSS,STOP_LOSS,2026-07-26T11:58:47.212912+00:00,2026-07-26T11:58:47.213391+00:00,3164.48911153
ETHUSDT,SHORT,2281.49,2290.8484088173427,1.6907196369032302,2290.8484088173427,2262.773182365314,15.822445557650028,-15.82244556,7.73054233,-23.55298789,LOSS,STOP_LOSS,2026-07-26T11:58:47.228944+00:00,2026-07-26T11:58:47.230060+00:00,3140.93612364
SOLUSDT,LONG,88.53,88.12442744591742,38.7222470063949,88.12442744591742,89.34114510816515,15.704680618200028,-15.70468062,6.84045637,-22.54513699,LOSS,STOP_LOSS,2026-07-26T11:58:47.245545+00:00,2026-07-26T11:58:47.246404+00:00,3118.39098665
ETHUSDT,SHORT,2275.01,2285.236398771871,1.5246769934434934,2285.236398771871,2254.557202456259,15.591954933250026,-15.59195493,6.95290277,-22.5448577,LOSS,STOP_LOSS,2026-07-26T11:58:47.262275+00:00,2026-07-26T11:58:47.262835+00:00,3095.84612895
SOLUSDT,LONG,88.99,88.4982762158943,31.479523962629084,88.4982762158943,89.9734475682114,15.479230644750025,-15.47923064,5.58724644,-21.06647709,LOSS,STOP_LOSS,2026-07-26T11:58:47.279836+00:00,2026-07-26T11:58:47.280279+00:00,3074.77965186
ETHUSDT,SHORT,2276.84,2289.0325965542206,1.2609207719563638,2289.0325965542206,2252.4548068915597,15.373898259300027,-15.37389826,5.7572036,-21.13110186,LOSS,STOP_LOSS,2026-07-26T11:58:47.295835+00:00,2026-07-26T11:58:47.296189+00:00,3053.64855
SOLUSDT,LONG,89.55,90.76618034541184,25.1085175115696,88.94190982729407,90.76618034541184,15.268242750000027,30.5364855,4.52747197,26.00901353,WIN,TAKE_PROFIT,2026-07-26T11:58:47.314119+00:00,2026-07-26T11:58:47.314897+00:00,3079.65756353
SOLUSDT,LONG,91.47,92.92793586568511,21.123409033378994,90.74103206715745,92.92793586568511,15.398287817650028,30.79657564,3.89511302,26.90146261,WIN,TAKE_PROFIT,2026-07-26T11:58:47.330422+00:00,2026-07-26T11:58:47.331980+00:00,3106.55902614
SOLUSDT,LONG,93.15,92.62005623384565,29.310270490427566,92.62005623384565,94.20988753230871,15.532795130700029,-15.53279513,5.4449706,-20.97776573,LOSS,STOP_LOSS,2026-07-26T11:58:47.348178+00:00,2026-07-26T11:58:47.350608+00:00,3085.58126041
ETHUSDT,SHORT,2303.15,2309.449124247526,2.4492144774108575,2309.449124247526,2290.5517515049482,15.427906302050028,-15.4279063,11.29724455,-26.72515086,LOSS,STOP_LOSS,2026-07-26T11:58:47.366264+00:00,2026-07-26T11:58:47.366555+00:00,3058.85610955
BTCUSDT,LONG,80374.9,80662.55976327462,0.10633590442851644,80231.07011836268,80662.55976327462,15.294280547750027,30.5885611,17.12406393,13.46449716,WIN,TAKE_PROFIT,2026-07-26T11:58:47.383727+00:00,2026-07-26T11:58:47.384178+00:00,3072.32060671
BTCUSDT,LONG,80614.1,80965.39763637252,0.08745634153519054,80438.45118181375,80965.39763637252,15.361603033550027,30.72320607,14.13115173,16.59205434,WIN,TAKE_PROFIT,2026-07-26T11:58:47.400080+00:00,2026-07-26T11:58:47.400712+00:00,3088.91266105
SOLUSDT,LONG,93.51,93.04992994508187,33.57002513019065,93.04992994508187,94.43014010983627,15.444563305250027,-15.44456331,6.26282154,-21.70738484,LOSS,STOP_LOSS,2026-07-26T11:58:47.416587+00:00,2026-07-26T11:58:47.417725+00:00,3067.20527621
SOLUSDT,SHORT,92.79,93.10340013096842,48.93433303190105,93.10340013096842,92.16319973806317,15.336026381050026,-15.33602638,9.09656955,-24.43259593,LOSS,STOP_LOSS,2026-07-26T11:58:47.433909+00:00,2026-07-26T11:58:47.434563+00:00,3042.77268028
BTCUSDT,LONG,80748.1,81030.46190337765,0.10776144528996397,80606.91904831119,81030.46190337765,15.213863401400026,30.4277268,17.43349165,12.99423516,WIN,TAKE_PROFIT,2026-07-26T11:58:47.450231+00:00,2026-07-26T11:58:47.452471+00:00,3055.76691544
BTCUSDT,LONG,81002.0,81310.72131949359,0.09898140240047143,80847.6393402532,81310.72131949359,15.278834577200024,30.55766915,16.06594078,14.49172837,WIN,TAKE_PROFIT,2026-07-26T11:58:47.468398+00:00,2026-07-26T11:58:47.468801+00:00,3070.25864381
BTCUSDT,LONG,81381.4,81187.84106433537,0.07931069245828742,81187.84106433537,81768.51787132923,15.351293219050026,-15.35129322,12.89347908,-28.2447723,LOSS,STOP_LOSS,2026-07-26T11:58:47.484805+00:00,2026-07-26T11:58:47.485153+00:00,3042.01387151
SOLUSDT,LONG,94.65,95.68909708655717,29.275550002638393,94.13045145672143,95.68909708655717,15.210069357550026,30.42013872,5.57228175,24.84785696,WIN,TAKE_PROFIT,2026-07-26T11:58:47.500930+00:00,2026-07-26T11:58:47.501269+00:00,3066.86172847
BTCUSDT,LONG,81351.9,81133.70746109767,0.07027879468057804,81133.70746109767,81788.28507780463,15.334308642350027,-15.33430864,11.41929265,-26.75360129,LOSS,STOP_LOSS,2026-07-26T11:58:47.517807+00:00,2026-07-26T11:58:47.518381+00:00,3040.10812718
BTCUSDT,LONG,81324.2,81091.00973063057,0.0651851412025217,81091.00973063057,81790.58053873885,15.200540635900026,-15.20054064,10.58705838,-25.78759902,LOSS,STOP_LOSS,2026-07-26T11:58:47.534164+00:00,2026-07-26T11:58:47.534702+00:00,3014.32052816
SOLUSDT,LONG,95.77,95.02750688380203,20.298642926113846,95.02750688380203,97.25498623239592,15.071602640800027,-15.07160264,3.87293046,-18.9445331,LOSS,STOP_LOSS,2026-07-26T11:58:47.550811+00:00,2026-07-26T11:58:47.551071+00:00,2995.37599506
SOLUSDT,LONG,95.45,94.4943823949811,15.672461345041567,94.4943823949811,97.36123521003782,14.976879975300026,-14.97687998,2.97689599,-17.95377597,LOSS,STOP_LOSS,2026-07-26T11:58:47.567120+00:00,2026-07-26T11:58:47.568241+00:00,2977.42221909
SOLUSDT,LONG,95.54,94.83636455399224,21.157420621595023,94.83636455399224,96.94727089201555,14.887111095450026,-14.8871111,4.02787282,-18.91498392,LOSS,STOP_LOSS,2026-07-26T11:58:47.584400+00:00,2026-07-26T11:58:47.585109+00:00,2958.50723517
SOLUSDT,SHORT,94.58,95.21565336653074,23.27138807835553,95.21565336653074,93.30869326693852,14.792536175850024,-14.79253618,4.41680831,-19.20934448,LOSS,STOP_LOSS,2026-07-26T11:58:47.601027+00:00,2026-07-26T11:58:47.601468+00:00,2939.29789069
BTCUSDT,LONG,80923.3,80674.62972635921,0.059100306756725965,80674.62972635921,81420.6405472816,14.696489453450026,-14.69648945,9.55048722,-24.24697667,LOSS,STOP_LOSS,2026-07-26T11:58:47.618007+00:00,2026-07-26T11:58:47.619173+00:00,2915.05091402
SOLUSDT,SHORT,94.6,95.39318825399621,18.37553001657228,95.39318825399621,93.01362349200757,14.575254570100025,-14.57525457,3.49122553,-18.0664801,LOSS,STOP_LOSS,2026-07-26T11:58:47.635797+00:00,2026-07-26T11:58:47.636093+00:00,2896.98443392
SOLUSDT,LONG,95.28,96.94585525434042,17.390373061356105,94.4470723728298,96.94585525434042,14.484922169600027,28.96984434,3.34287933,25.626965,WIN,TAKE_PROFIT,2026-07-26T11:58:47.652259+00:00,2026-07-26T11:58:47.652832+00:00,2922.61139892
BTCUSDT,LONG,81751.6,81343.67088148383,0.03582253958176524,81343.67088148383,82567.45823703235,14.613056994600026,-14.61305699,5.8424868,-20.45554379,LOSS,STOP_LOSS,2026-07-26T11:58:47.669107+00:00,2026-07-26T11:58:47.669556+00:00,2902.15585513
BTCUSDT,LONG,81478.0,81073.11061136141,0.035838872746063524,81073.11061136141,82287.77877727718,14.510779275650027,-14.51077928,5.82564857,-20.33642784,LOSS,STOP_LOSS,2026-07-26T11:58:47.685745+00:00,2026-07-26T11:58:47.687436+00:00,2881.81942729
SOLUSDT,LONG,96.68,96.18332580540724,29.011165253440137,96.18332580540724,97.67334838918553,14.409097136450027,-14.40909714,5.59518982,-20.00428695,LOSS,STOP_LOSS,2026-07-26T11:58:47.703923+00:00,2026-07-26T11:58:47.704219+00:00,2861.81514034
BTCUSDT,SHORT,80989.9,80562.16820964034,0.06690676739116606,81203.76589517982,80562.16820964034,14.309075701700028,28.6181514,10.80892665,17.80922475,WIN,TAKE_PROFIT,2026-07-26T11:58:47.720945+00:00,2026-07-26T11:58:47.721847+00:00,2879.62436509
ETHUSDT,SHORT,2285.37,2266.969273005074,1.564951409737254,2294.570363497463,2266.969273005074,14.398121825450028,28.79624365,7.12418976,21.67205389,WIN,TAKE_PROFIT,2026-07-26T11:58:47.737924+00:00,2026-07-26T11:58:47.738925+00:00,2901.29641898
ETHUSDT,SHORT,2276.64,2289.5570778420442,1.123046734895589,2289.5570778420442,2250.805844315911,14.506482094900027,-14.50648209,5.12805272,-19.63453481,LOSS,STOP_LOSS,2026-07-26T11:58:47.754609+00:00,2026-07-26T11:58:47.756058+00:00,2881.66188417
ETHUSDT,SHORT,2281.18,2288.430450853183,1.9872294444315288,2288.430450853183,2266.6790982936327,14.408309420850028,-14.40830942,9.08086444,-23.48917386,LOSS,STOP_LOSS,2026-07-26T11:58:47.772390+00:00,2026-07-26T11:58:47.772974+00:00,2858.17271031
BTCUSDT,LONG,81020.1,80761.59304737422,0.05528231796627061,80761.59304737422,81537.11390525156,14.290863551550029,-14.29086355,8.943667,-23.23453055,LOSS,STOP_LOSS,2026-07-26T11:58:47.789138+00:00,2026-07-26T11:58:47.790972+00:00,2834.93817976
ETHUSDT,SHORT,2300.74,2282.1789603792554,1.5273595863625968,2310.020519810372,2282.1789603792554,14.17469089880003,28.3493818,6.99976521,21.34961659,WIN,TAKE_PROFIT,2026-07-26T11:58:47.807116+00:00,2026-07-26T11:58:47.807517+00:00,2856.28779635
ETHUSDT,SHORT,2283.08,2258.4081850633047,1.1577128815528526,2295.4159074683475,2258.4081850633047,14.28143898175003,28.56287796,5.25773937,23.30513859,WIN,TAKE_PROFIT,2026-07-26T11:58:47.824420+00:00,2026-07-26T11:58:47.824810+00:00,2879.59293494
ETHUSDT,SHORT,2261.13,2234.2649553205188,1.0718734955759666,2274.5625223397406,2234.2649553205188,14.39796467470003,28.79592935,4.8184947,23.97743464,WIN,TAKE_PROFIT,2026-07-26T11:58:47.841052+00:00,2026-07-26T11:58:47.841671+00:00,2903.57036958
ETHUSDT,SHORT,2235.38,2250.1047178080107,0.9859511086862444,2250.1047178080107,2205.9305643839793,14.517851847900028,-14.51785185,4.42246863,-18.94032048,LOSS,STOP_LOSS,2026-07-26T11:58:47.857763+00:00,2026-07-26T11:58:47.858119+00:00,2884.6300491
ETHUSDT,SHORT,2251.26,2265.569236524854,1.0079608524499775,2265.569236524854,2222.6415269502927,14.423150245500029,-14.42315025,4.55278705,-18.97593729,LOSS,STOP_LOSS,2026-07-26T11:58:47.874393+00:00,2026-07-26T11:58:47.874976+00:00,2865.65411181
ETHUSDT,SHORT,2261.21,2237.9688905916664,1.2330108952468855,2272.830554704167,2237.9688905916664,14.32827055905003,28.65654112,5.54753659,23.10900453,WIN,TAKE_PROFIT,2026-07-26T11:58:47.891441+00:00,2026-07-26T11:58:47.893510+00:00,2888.76311634
BTCUSDT,SHORT,79281.6,79579.4237958287,0.04849785606120068,79579.4237958287,78685.95240834264,14.44381558170003,-14.44381558,7.70441907,-22.14823465,LOSS,STOP_LOSS,2026-07-26T11:58:47.910930+00:00,2026-07-26T11:58:47.911605+00:00,2866.61488169
BTCUSDT,LONG,79797.9,79527.57679713686,0.05302199092287003,79527.57679713686,80338.54640572626,14.33307440845003,-14.33307441,8.44775398,-22.78082839,LOSS,STOP_LOSS,2026-07-26T11:58:47.930218+00:00,2026-07-26T11:58:47.930895+00:00,2843.8340533
ETHUSDT,SHORT,2259.98,2268.7056675868757,1.6295796424662126,2268.7056675868757,2242.5286648262486,14.21917026650003,-14.21917027,7.37985397,-21.59902424,LOSS,STOP_LOSS,2026-07-26T11:58:47.947530+00:00,2026-07-26T11:58:47.948640+00:00,2822.23502906
SOLUSDT,LONG,91.57,92.69975301778271,24.98099128426318,91.00512349110863,92.69975301778271,14.111175145300031,28.22235029,4.60324109,23.6191092,WIN,TAKE_PROFIT,2026-07-26T11:58:47.965798+00:00,2026-07-26T11:58:47.966359+00:00,2845.85413826
SOLUSDT,LONG,93.1,92.41977885216018,20.918594984128564,92.41977885216018,94.46044229567961,14.22927069130003,-14.22927069,3.88081312,-18.11008381,LOSS,STOP_LOSS,2026-07-26T11:58:47.987379+00:00,2026-07-26T11:58:47.987758+00:00,2827.74405445
SOLUSDT,LONG,93.27,92.51105864214252,18.629529311940832,92.51105864214252,94.78788271571494,14.13872027225003,-14.13872027,3.46101368,-17.59973395,LOSS,STOP_LOSS,2026-07-26T11:58:48.004483+00:00,2026-07-26T11:58:48.004778+00:00,2810.1443205
SOLUSDT,LONG,92.38,91.58563219654125,17.68792937140963,91.58563219654125,93.96873560691748,14.05072160250003,-14.0507216,3.25397111,-17.30469271,LOSS,STOP_LOSS,2026-07-26T11:58:48.021718+00:00,2026-07-26T11:58:48.023547+00:00,2792.83962779
ETHUSDT,SHORT,2267.87,2242.8728641532325,1.1172638517109044,2280.3685679233836,2242.8728641532325,13.96419813895003,27.92839628,5.03968995,22.88870633,WIN,TAKE_PROFIT,2026-07-26T11:58:48.040550+00:00,2026-07-26T11:58:48.041409+00:00,2815.72833412
ETHUSDT,SHORT,2245.51,2258.314157320181,1.0995367612681817,2258.314157320181,2219.901685359638,14.07864167060003,-14.07864167,4.95212023,-19.0307619,LOSS,STOP_LOSS,2026-07-26T11:58:48.058029+00:00,2026-07-26T11:58:48.058586+00:00,2796.69757222
ETHUSDT,SHORT,2261.05,2238.0464155226923,1.2157659928950828,2272.551792238654,2238.0464155226923,13.983487861100029,27.96697572,5.46984842,22.4971273,WIN,TAKE_PROFIT,2026-07-26T11:58:48.075577+00:00,2026-07-26T11:58:48.076998+00:00,2819.19469952
ETHUSDT,SHORT,2223.44,2200.4167771032494,1.2245004585860515,2234.9516114483754,2200.4167771032494,14.09597349760003,28.191947,5.41701465,22.77493234,WIN,TAKE_PROFIT,2026-07-26T11:58:48.093761+00:00,2026-07-26T11:58:48.096871+00:00,2841.96963186
BTCUSDT,SHORT,78219.8,78449.95715460773,0.06173976291772516,78449.95715460773,77759.48569078452,14.20984815930003,-14.20984816,9.67275366,-23.88260182,LOSS,STOP_LOSS,2026-07-26T11:58:48.113917+00:00,2026-07-26T11:58:48.114149+00:00,2818.08703004
BTCUSDT,SHORT,78430.1,77899.42242715706,0.0531035637127636,78695.43878642148,77899.42242715706,14.090435150200028,28.1808703,8.30165475,19.87921555,WIN,TAKE_PROFIT,2026-07-26T11:58:48.131298+00:00,2026-07-26T11:58:48.131916+00:00,2837.96624559
BTCUSDT,SHORT,78025.3,78301.4012087402,0.05139358604294351,78301.4012087402,77473.09758251961,14.189831227950028,-14.18983123,8.03418977,-22.224021,LOSS,STOP_LOSS,2026-07-26T11:58:48.150243+00:00,2026-07-26T11:58:48.151517+00:00,2815.74222459
SOLUSDT,SHORT,86.33,86.76950735561414,32.03293629358602,86.76950735561414,85.45098528877173,14.078711122950029,-14.07871112,5.54488549,-19.62359661,LOSS,STOP_LOSS,2026-07-26T11:58:48.192476+00:00,2026-07-26T11:58:48.193141+00:00,2796.11862798
ETHUSDT,SHORT,2177.42,2184.7995594596637,1.894502404420986,2184.7995594596637,2162.6608810806733,13.98059313990003,-13.98059314,8.26423544,-22.24482858,LOSS,STOP_LOSS,2026-07-26T11:58:48.209792+00:00,2026-07-26T11:58:48.211989+00:00,2773.8737994
BTCUSDT,SHORT,78044.2,78223.24184979979,0.07746439736022409,78223.24184979979,77686.11630040043,13.869368997000029,-13.869369,12.10516321,-25.97453221,LOSS,STOP_LOSS,2026-07-26T11:58:48.228910+00:00,2026-07-26T11:58:48.229796+00:00,2747.89926719
SOLUSDT,LONG,87.07,86.73200074199349,40.649486679303706,86.73200074199349,87.745998516013,13.73949633595003,-13.73949634,7.06496211,-20.80445845,LOSS,STOP_LOSS,2026-07-26T11:58:48.246768+00:00,2026-07-26T11:58:48.247222+00:00,2727.09480874
ETHUSDT,LONG,2191.68,2185.7664008330776,2.3057825968269934,2185.7664008330776,2203.5071983338444,13.63547404370003,-13.63547404,10.09343973,-23.72891377,LOSS,STOP_LOSS,2026-07-26T11:58:48.264569+00:00,2026-07-26T11:58:48.265270+00:00,2703.36589497
SOLUSDT,SHORT,86.28,86.62989610977279,38.6309795888488,86.62989610977279,85.58020778045443,13.51682947485003,-13.51682947,6.67967867,-20.19650814,LOSS,STOP_LOSS,2026-07-26T11:58:48.281952+00:00,2026-07-26T11:58:48.282665+00:00,2683.16938683
SOLUSDT,SHORT,86.25,86.5874901486368,39.75181790739509,86.5874901486368,85.5750197027264,13.415846934150032,-13.41584693,6.87060444,-20.28645137,LOSS,STOP_LOSS,2026-07-26T11:58:48.299850+00:00,2026-07-26T11:58:48.300661+00:00,2662.88293546
BTCUSDT,LONG,78369.0,78177.31040189258,0.06945820122090955,78177.31040189258,78752.37919621482,13.31441467730003,-13.31441468,10.87342513,-24.18783981,LOSS,STOP_LOSS,2026-07-26T11:58:48.318243+00:00,2026-07-26T11:58:48.318971+00:00,2638.69509565
BTCUSDT,SHORT,78087.6,77656.9441182681,0.06127154434854901,78302.92794086596,77656.9441182681,13.193475478250031,26.38695096,9.54270874,16.84424221,WIN,TAKE_PROFIT,2026-07-26T11:58:48.336410+00:00,2026-07-26T11:58:48.336865+00:00,2655.53933786
BTCUSDT,SHORT,77795.8,77274.68697530069,0.05095898993106653,78056.35651234967,77274.68697530069,13.277696689300033,26.55539338,7.90223538,18.65315799,WIN,TAKE_PROFIT,2026-07-26T11:58:48.353545+00:00,2026-07-26T11:58:48.353850+00:00,2674.19249585
BTCUSDT,SHORT,77216.0,77586.1096186104,0.03612703320019698,77586.1096186104,76475.7807627792,13.370962479250034,-13.37096248,5.59254095,-18.96350343,LOSS,STOP_LOSS,2026-07-26T11:58:48.370466+00:00,2026-07-26T11:58:48.372793+00:00,2655.22899242
BTCUSDT,SHORT,76785.0,76079.87188518734,0.03765597962471661,77137.56405740633,76079.87188518734,13.276144962100034,26.55228992,5.7562765,20.79601342,WIN,TAKE_PROFIT,2026-07-26T11:58:48.389589+00:00,2026-07-26T11:58:48.390134+00:00,2676.02500584
BTCUSDT,SHORT,76251.7,76673.73152814667,0.031704088763126685,76673.73152814667,75407.63694370666,13.380125029200032,-13.38012503,4.84836146,-18.22848648,LOSS,STOP_LOSS,2026-07-26T11:58:48.409884+00:00,2026-07-26T11:58:48.411047+00:00,2657.79651936
ETHUSDT,SHORT,2107.01,2077.896413910834,0.9129059234475517,2121.5667930445834,2077.896413910834,13.288982596800032,26.57796519,3.82042585,22.75753934,WIN,TAKE_PROFIT,2026-07-26T11:58:48.428432+00:00,2026-07-26T11:58:48.428713+00:00,2680.5540587
ETHUSDT,SHORT,2087.53,2103.735704206809,0.8270402891760087,2103.735704206809,2055.1185915863825,13.402770293500033,-13.40277029,3.4663456,-16.86911589,LOSS,STOP_LOSS,2026-07-26T11:58:48.445553+00:00,2026-07-26T11:58:48.445919+00:00,2663.68494281
SOLUSDT,LONG,85.47,84.99857796202701,28.251595473382114,84.99857796202701,86.41284407594596,13.318424714050034,-13.31842471,4.81600931,-18.13443402,LOSS,STOP_LOSS,2026-07-26T11:58:48.462856+00:00,2026-07-26T11:58:48.463283+00:00,2645.55050879
BTCUSDT,SHORT,76735.1,77046.83042734038,0.042433305778992715,77046.83042734038,76111.63914531926,13.227752543950034,-13.22775254,6.52547568,-19.75322822,LOSS,STOP_LOSS,2026-07-26T11:58:48.480311+00:00,2026-07-26T11:58:48.481510+00:00,2625.79728057
SOLUSDT,LONG,85.52,85.05743160084683,28.382800093749115,85.05743160084683,86.44513679830634,13.128986402850035,-13.1289864,4.84146514,-17.97045154,LOSS,STOP_LOSS,2026-07-26T11:58:48.498436+00:00,2026-07-26T11:58:48.498986+00:00,2607.82682903
BTCUSDT,LONG,77145.5,76877.45787574492,0.04864583946044712,76877.45787574492,77681.58424851017,13.039134145150035,-13.03913415,7.49257608,-20.53171023,LOSS,STOP_LOSS,2026-07-26T11:58:48.516816+00:00,2026-07-26T11:58:48.517221+00:00,2587.2951188
BTCUSDT,SHORT,76734.1,77003.97949963136,0.04793426552098653,77003.97949963136,76194.3410007373,12.936475594000035,-12.93647559,7.36932192,-20.30579752,LOSS,STOP_LOSS,2026-07-26T11:58:48.534392+00:00,2026-07-26T11:58:48.534931+00:00,2566.98932128
ETHUSDT,SHORT,2117.4,2094.0809876315857,1.1008139112945396,2129.0595061842073,2094.0809876315857,12.834946606400035,25.66989321,4.63605686,21.03383635,WIN,TAKE_PROFIT,2026-07-26T11:58:48.551910+00:00,2026-07-26T11:58:48.552860+00:00,2588.02315763
BTCUSDT,SHORT,76365.7,76735.40185383867,0.03500149012992613,76735.40185383867,75626.29629232263,12.940115788150035,-12.94011579,5.35876671,-18.29888249,LOSS,STOP_LOSS,2026-07-26T11:58:48.569660+00:00,2026-07-26T11:58:48.570216+00:00,2569.72427514
ETHUSDT,SHORT,2111.8,2122.8393953317,1.1638881469173568,2122.8393953317,2089.721209336601,12.848621375700036,-12.84862138,4.9286466,-17.77726797,LOSS,STOP_LOSS,2026-07-26T11:58:48.587285+00:00,2026-07-26T11:58:48.589199+00:00,2551.94700717
BTCUSDT,LONG,77199.8,77692.99000427504,0.05174368874164992,76953.20499786249,77692.99000427504,12.759735035850035,25.51947007,8.01472431,17.50474576,WIN,TAKE_PROFIT,2026-07-26T11:58:48.606252+00:00,2026-07-26T11:58:48.609077+00:00,2569.45175293
BTCUSDT,LONG,77590.2,77399.18460570692,0.06725771402978184,77399.18460570692,77972.23078858615,12.847258764650034,-12.84725876,10.42423171,-23.27149047,LOSS,STOP_LOSS,2026-07-26T11:58:48.627063+00:00,2026-07-26T11:58:48.627454+00:00,2546.18026246
ETHUSDT,SHORT,2119.74,2128.65567234057,1.427923865524803,2128.65567234057,2101.9086553188586,12.730901312300034,-12.73090131,6.06638557,-18.79728688,LOSS,STOP_LOSS,2026-07-26T11:58:48.644568+00:00,2026-07-26T11:58:48.644871+00:00,2527.38297558
BTCUSDT,LONG,77384.1,77079.69218890615,0.041513109773663986,77079.69218890615,77992.91562218772,12.636914877900034,-12.63691488,6.41227236,-19.04918724,LOSS,STOP_LOSS,2026-07-26T11:58:48.662459+00:00,2026-07-26T11:58:48.663146+00:00,2508.33378834
SOLUSDT,LONG,86.43,85.73528596605891,18.05299494318765,85.73528596605891,87.81942806788219,12.541668941700037,-12.54166894,3.10809904,-15.64976798,LOSS,STOP_LOSS,2026-07-26T11:58:48.680504+00:00,2026-07-26T11:58:48.681098+00:00,2492.68402036
ETHUSDT,SHORT,2124.11,2133.064595475936,1.3918462464656745,2133.064595475936,2106.200809048128,12.463420101800036,-12.4634201,5.92533248,-18.38875258,LOSS,STOP_LOSS,2026-07-26T11:58:48.698393+00:00,2026-07-26T11:58:48.698910+00:00,2474.29526778
ETHUSDT,LONG,2141.83,2133.438570154874,1.4742989654005143,2133.438570154874,2158.6128596902518,12.371476338900036,-12.37147634,6.30302403,-18.67450037,LOSS,STOP_LOSS,2026-07-26T11:58:48.716499+00:00,2026-07-26T11:58:48.717576+00:00,2455.62076741
ETHUSDT,SHORT,2128.14,2135.430794326937,1.684055712789274,2135.430794326937,2113.5584113461255,12.278103837050036,-12.27810384,7.18009075,-19.45819459,LOSS,STOP_LOSS,2026-07-26T11:58:48.736271+00:00,2026-07-26T11:58:48.736692+00:00,2436.16257282
BTCUSDT,LONG,77846.2,77633.17096018336,0.05717911921578441,77633.17096018336,78272.25807963329,12.180812864100037,-12.18081286,8.89017349,-21.07098635,LOSS,STOP_LOSS,2026-07-26T11:58:48.753747+00:00,2026-07-26T11:58:48.754353+00:00,2415.09158647
ETHUSDT,SHORT,2127.08,2110.7051172612682,1.4748756525489994,2135.2674413693658,2110.7051172612682,12.075457932350037,24.15091586,6.25020609,17.90070977,WIN,TAKE_PROFIT,2026-07-26T11:58:48.771524+00:00,2026-07-26T11:58:48.771814+00:00,2432.99229624
ETHUSDT,SHORT,2115.88,2125.264349956239,1.2963030511359568,2125.264349956239,2097.1113000875225,12.164961481200036,-12.16496148,5.49780836,-17.66276984,LOSS,STOP_LOSS,2026-07-26T11:58:48.789017+00:00,2026-07-26T11:58:48.790015+00:00,2415.3295264
BTCUSDT,SHORT,77117.7,77452.15417964966,0.03610852656902176,77452.15417964966,76448.79164070069,12.076647632000038,-12.07664763,5.58128969,-17.65793732,LOSS,STOP_LOSS,2026-07-26T11:58:48.807806+00:00,2026-07-26T11:58:48.808445+00:00,2397.67158908
SOLUSDT,LONG,86.67,87.9094336876561,19.344896084067667,86.05028315617196,87.9094336876561,11.988357945400036,23.97671589,3.377221,20.59949489,WIN,TAKE_PROFIT,2026-07-26T11:58:48.826708+00:00,2026-07-26T11:58:48.826976+00:00,2418.27108397
ETHUSDT,LONG,2146.66,2133.718074602226,0.9342779415132151,2133.718074602226,2172.543850795548,12.091355419850037,-12.09135542,3.99906282,-16.09041824,LOSS,STOP_LOSS,2026-07-26T11:58:48.844217+00:00,2026-07-26T11:58:48.844714+00:00,2402.18066573
BTCUSDT,SHORT,77354.5,77750.10243797398,0.0303610447654517,77750.10243797398,76563.29512405202,12.010903328650038,-12.01090333,4.70913778,-16.72004111,LOSS,STOP_LOSS,2026-07-26T11:58:48.862050+00:00,2026-07-26T11:58:48.862478+00:00,2385.46062462
BTCUSDT,SHORT,77344.7,77582.90069016394,0.050072496074177165,77582.90069016394,76868.29861967212,11.927303123100039,-11.92730312,7.75761168,-19.6849148,LOSS,STOP_LOSS,2026-07-26T11:58:48.880194+00:00,2026-07-26T11:58:48.880640+00:00,2365.77570982
BTCUSDT,LONG,77580.0,77343.34162167399,0.04998292742801115,77343.34162167399,78053.31675665203,11.828878549100038,-11.82887855,7.74352214,-19.57240069,LOSS,STOP_LOSS,2026-07-26T11:58:48.898089+00:00,2026-07-26T11:58:48.899282+00:00,2346.20330913
BTCUSDT,SHORT,77386.0,77015.8699617936,0.06338862202320625,77571.0650191032,77015.8699617936,11.73101654565004,23.46203309,9.78732177,13.67471132,WIN,TAKE_PROFIT,2026-07-26T11:58:48.917295+00:00,2026-07-26T11:58:48.918773+00:00,2359.87802045
BTCUSDT,SHORT,77032.7,76594.45237817634,0.05384805080356101,77251.82381091182,76594.45237817634,11.799390102250038,23.5987802,8.27252271,15.3262575,WIN,TAKE_PROFIT,2026-07-26T11:58:48.936496+00:00,2026-07-26T11:58:48.936970+00:00,2375.20427795
BTCUSDT,SHORT,76880.0,76358.21513329682,0.0455207582572753,77140.89243335159,76358.21513329682,11.876021389750038,23.75204278,6.97551975,16.77652303,WIN,TAKE_PROFIT,2026-07-26T11:58:48.954557+00:00,2026-07-26T11:58:48.955514+00:00,2391.98080098
BTCUSDT,SHORT,76498.6,75895.31314221155,0.039649144848747674,76800.24342889423,75895.31314221155,11.959904004900038,23.91980801,6.04228834,17.87751967,WIN,TAKE_PROFIT,2026-07-26T11:58:48.973081+00:00,2026-07-26T11:58:48.973475+00:00,2409.85832065
BTCUSDT,SHORT,75782.4,75050.66208944561,0.032933353402781085,76148.26895527719,75050.66208944561,12.049291603250037,24.09858321,4.96743854,19.13114467,WIN,TAKE_PROFIT,2026-07-26T11:58:48.991118+00:00,2026-07-26T11:58:48.993259+00:00,2428.98946532
BTCUSDT,SHORT,74573.1,74836.08369083442,0.046181370746093665,74836.08369083442,74047.13261833118,12.144947326600038,-12.14494733,6.8999209,-19.04486823,LOSS,STOP_LOSS,2026-07-26T11:58:49.010882+00:00,2026-07-26T11:58:49.011720+00:00,2409.94459709
BTCUSDT,SHORT,74820.9,75019.30579767603,0.06073271611309228,75019.30579767603,74424.08840464793,12.049722985450039,-12.04972299,9.10020268,-21.14992567,LOSS,STOP_LOSS,2026-07-26T11:58:49.029630+00:00,2026-07-26T11:58:49.030157+00:00,2388.79467142
BTCUSDT,LONG,76890.7,76620.73542495762,0.04424274316445084,76620.73542495762,77430.62915008476,11.94397335710004,-11.94397336,6.79176701,-18.73574037,LOSS,STOP_LOSS,2026-07-26T11:58:49.047814+00:00,2026-07-26T11:58:49.048518+00:00,2370.05893105
BTCUSDT,LONG,76780.4,77201.1706601445,0.056326620545169355,76570.01466992774,77201.1706601445,11.85029465525004,23.70058931,8.6732615,15.02732781,WIN,TAKE_PROFIT,2026-07-26T11:58:49.065968+00:00,2026-07-26T11:58:49.067033+00:00,2385.08625886
BTCUSDT,LONG,77201.0,76972.45836033225,0.052180562420211386,76972.45836033225,77658.08327933548,11.92543129430004,-11.92543129,8.04485777,-19.97028906,LOSS,STOP_LOSS,2026-07-26T11:58:49.084603+00:00,2026-07-26T11:58:49.085234+00:00,2365.1159698
SOLUSDT,SHORT,85.22,85.75274502357325,22.197447795350094,85.75274502357325,84.15450995285347,11.82557984900004,-11.82557985,3.79515858,-15.62073843,LOSS,STOP_LOSS,2026-07-26T11:58:49.103091+00:00,2026-07-26T11:58:49.103722+00:00,2349.49523137
SOLUSDT,SHORT,85.47,84.46790647803832,23.445867874394292,85.97104676098084,84.46790647803832,11.74747615685004,23.49495231,3.9843417,19.51061061,WIN,TAKE_PROFIT,2026-07-26T11:58:49.121819+00:00,2026-07-26T11:58:49.122975+00:00,2369.00584198
ETHUSDT,SHORT,2087.8,2070.2094302346836,1.3467476458045196,2096.5952848826582,2070.2094302346836,11.84502920990004,23.69005842,5.59978941,18.09026901,WIN,TAKE_PROFIT,2026-07-26T11:58:49.140652+00:00,2026-07-26T11:58:49.140957+00:00,2387.09611099
ETHUSDT,SHORT,2068.56,2079.2545502481826,1.116033893709393,2079.2545502481826,2047.1708995036347,11.93548055495004,-11.93548055,4.62910162,-16.56458218,LOSS,STOP_LOSS,2026-07-26T11:58:49.159260+00:00,2026-07-26T11:58:49.159635+00:00,2370.53152881
ETHUSDT,SHORT,2090.52,2104.2853096271956,0.861052745274484,2104.2853096271956,2062.9893807456087,11.85265764405004,-11.85265764,3.61194863,-15.46460627,LOSS,STOP_LOSS,2026-07-26T11:58:49.177892+00:00,2026-07-26T11:58:49.178376+00:00,2355.06692254
BTCUSDT,LONG,77159.5,77844.30703567748,0.034390226733142654,76817.09648216126,77844.30703567748,11.775334612700043,23.55066923,5.33061607,18.22005316,WIN,TAKE_PROFIT,2026-07-26T11:58:49.196109+00:00,2026-07-26T11:58:49.198875+00:00,2373.2869757
SOLUSDT,LONG,86.21,85.86084099338852,33.9857619417057,85.86084099338852,86.90831801322294,11.866434878500042,-11.86643488,5.84795864,-17.71439352,LOSS,STOP_LOSS,2026-07-26T11:58:49.217270+00:00,2026-07-26T11:58:49.217894+00:00,2355.57258218
SOLUSDT,SHORT,85.6,84.94741023790849,36.09576366369223,85.92629488104575,84.94741023790849,11.777862910900042,23.55572582,6.15603901,17.39968681,WIN,TAKE_PROFIT,2026-07-26T11:58:49.235740+00:00,2026-07-26T11:58:49.236440+00:00,2372.97226899
SOLUSDT,SHORT,84.79,83.98935111626706,29.63811375001544,85.19032444186648,83.98935111626706,11.864861344950041,23.72972269,5.00230161,18.72742108,WIN,TAKE_PROFIT,2026-07-26T11:58:49.254281+00:00,2026-07-26T11:58:49.254955+00:00,2391.69969007
BTCUSDT,SHORT,76750.1,77000.39193090788,0.047778202065778,77000.39193090788,76249.51613818426,11.958498450350042,-11.95849845,7.34592207,-19.30442052,LOSS,STOP_LOSS,2026-07-26T11:58:49.273413+00:00,2026-07-26T11:58:49.274736+00:00,2372.39526955
BTCUSDT,SHORT,76650.0,76867.27129992525,0.05459522887666688,76867.27129992525,76215.45740014949,11.861976347750042,-11.86197635,8.38131056,-20.24328691,LOSS,STOP_LOSS,2026-07-26T11:58:49.292654+00:00,2026-07-26T11:58:49.293435+00:00,2352.15198264
SOLUSDT,LONG,85.28,84.83055818398853,26.16748040395962,84.83055818398853,86.17888363202293,11.760759913200042,-11.76075991,4.4513647,-16.21212461,LOSS,STOP_LOSS,2026-07-26T11:58:49.313233+00:00,2026-07-26T11:58:49.313638+00:00,2335.93985803
ETHUSDT,LONG,2116.78,2138.5137594953153,1.0747978777134943,2105.9131202523427,2138.5137594953153,11.679699290150042,23.35939858,4.5735807,18.78581788,WIN,TAKE_PROFIT,2026-07-26T11:58:49.332197+00:00,2026-07-26T11:58:49.332578+00:00,2354.72567591
BTCUSDT,SHORT,76873.6,75842.41685548317,0.02283518391888877,77389.19157225842,75842.41685548317,11.773628379550043,23.54725676,3.48729833,20.05995843,WIN,TAKE_PROFIT,2026-07-26T11:58:49.350803+00:00,2026-07-26T11:58:49.351554+00:00,2374.78563434
BTCUSDT,SHORT,76005.5,75066.24870553079,0.025283815399818232,76475.12564723461,75066.24870553079,11.873928171700042,23.74785634,3.81967021,19.92818614,WIN,TAKE_PROFIT,2026-07-26T11:58:49.369585+00:00,2026-07-26T11:58:49.373064+00:00,2394.71382048
SOLUSDT,SHORT,83.03,83.58581536516303,21.54234994724901,83.58581536516303,81.91836926967393,11.973569102400042,-11.9735691,3.5892962,-15.5628653,LOSS,STOP_LOSS,2026-07-26T11:58:49.391066+00:00,2026-07-26T11:58:49.391362+00:00,2379.15095518
BTCUSDT,SHORT,75054.3,75371.56604984016,0.03749457208514341,75371.56604984016,74419.76790031971,11.895754775900043,-11.89575478,5.64015348,-17.53590825,LOSS,STOP_LOSS,2026-07-26T11:58:49.409479+00:00,2026-07-26T11:58:49.409990+00:00,2361.61504693
BTCUSDT,SHORT,75328.1,74613.87806037109,0.033065562899916315,75685.21096981446,74613.87806037109,11.808075234650044,23.61615047,4.95791591,18.65823456,WIN,TAKE_PROFIT,2026-07-26T11:58:49.431501+00:00,2026-07-26T11:58:49.433246+00:00,2380.27328149
BTCUSDT,SHORT,74600.0,73972.32217605581,0.03792189544841471,74913.8389119721,73972.32217605581,11.901366407450043,23.80273281,5.63414407,18.16858875,WIN,TAKE_PROFIT,2026-07-26T11:58:49.451503+00:00,2026-07-26T11:58:49.453902+00:00,2398.44187024
BTCUSDT,SHORT,73712.4,72967.85115181628,0.03221335814420894,74084.67442409185,72967.85115181628,11.992209351200042,23.9844187,4.72506346,19.25935524,WIN,TAKE_PROFIT,2026-07-26T11:58:49.472527+00:00,2026-07-26T11:58:49.472914+00:00,2417.70122548
BTCUSDT,SHORT,73053.6,73504.79351666539,0.026792286858955978,73504.79351666539,72151.21296666925,12.088506127400041,-12.08850613,3.92663452,-16.01514065,LOSS,STOP_LOSS,2026-07-26T11:58:49.491680+00:00,2026-07-26T11:58:49.492840+00:00,2401.68608483
SOLUSDT,SHORT,80.99,80.09677070824502,26.88767718433503,81.43661464587748,80.09677070824502,12.008430424150042,24.01686085,4.33124909,19.68561176,WIN,TAKE_PROFIT,2026-07-26T11:58:49.512388+00:00,2026-07-26T11:58:49.513269+00:00,2421.37169659
BTCUSDT,SHORT,72938.5,73357.16162390173,0.02891800392431427,73357.16162390173,72101.17675219654,12.106858482950042,-12.10685848,4.23057852,-16.337437,LOSS,STOP_LOSS,2026-07-26T11:58:49.536013+00:00,2026-07-26T11:58:49.536892+00:00,2405.03425959
BTCUSDT,LONG,73877.8,73575.83844921901,0.03982351814940666,73575.83844921901,74481.723101562,12.025171297950042,-12.0251713,5.87212265,-17.89729394,LOSS,STOP_LOSS,2026-07-26T11:58:49.557423+00:00,2026-07-26T11:58:49.557866+00:00,2387.13696565
SOLUSDT,SHORT,82.04,82.57850343278801,22.16454733901145,82.57850343278801,80.96299313442398,11.935684828250041,-11.93568483,3.64869461,-15.58437944,LOSS,STOP_LOSS,2026-07-26T11:58:49.576813+00:00,2026-07-26T11:58:49.578959+00:00,2371.55258621
BTCUSDT,SHORT,73576.5,73154.45133863241,0.056191449074269186,73787.5243306838,73154.45133863241,11.857762931050042,23.71552586,8.24502478,15.47050108,WIN,TAKE_PROFIT,2026-07-26T11:58:49.597721+00:00,2026-07-26T11:58:49.598367+00:00,2387.02308729
BTCUSDT,SHORT,73099.3,73314.10780845086,0.05556183233059825,73314.10780845086,72669.68438309828,11.935115436450042,-11.93511544,8.13499722,-20.07011265,LOSS,STOP_LOSS,2026-07-26T11:58:49.617805+00:00,2026-07-26T11:58:49.618201+00:00,2366.95297464
BTCUSDT,SHORT,73114.6,72593.15130818766,0.045391867154051524,73375.32434590618,72593.15130818766,11.834764873200042,23.66952975,6.61394689,17.05558286,WIN,TAKE_PROFIT,2026-07-26T11:58:49.638742+00:00,2026-07-26T11:58:49.639068+00:00,2384.0085575
BTCUSDT,SHORT,72690.3,73011.95390029665,0.037058598625748417,73011.95390029665,72046.9921994067,11.920042787500043,-11.92004279,5.39952135,-17.31956413,LOSS,STOP_LOSS,2026-07-26T11:58:49.660206+00:00,2026-07-26T11:58:49.660614+00:00,2366.68899337
BTCUSDT,SHORT,73065.8,73442.997750766,0.03137199239078037,73442.997750766,72311.40449846802,11.833444966850044,-11.83344497,4.59627289,-16.42971786,LOSS,STOP_LOSS,2026-07-26T11:58:49.680718+00:00,2026-07-26T11:58:49.681052+00:00,2350.25927551
BTCUSDT,SHORT,73343.0,73795.65812344334,0.025960643958311352,73795.65812344334,72437.6837531133,11.751296377550043,-11.75129638,3.81981432,-15.57111069,LOSS,STOP_LOSS,2026-07-26T11:58:49.702870+00:00,2026-07-26T11:58:49.703637+00:00,2334.68816482
BTCUSDT,SHORT,73499.9,73879.5074148724,0.03075135091347931,73879.5074148724,72740.68517025518,11.673440824100044,-11.67344082,4.53211587,-16.2055567,LOSS,STOP_LOSS,2026-07-26T11:58:49.722275+00:00,2026-07-26T11:58:49.725217+00:00,2318.48260812
ETHUSDT,LONG,2022.49,2031.4256548719893,2.594642073059243,2018.0221725640054,2031.4256548719893,11.592413040600043,23.18482608,10.51846012,12.66636596,WIN,TAKE_PROFIT,2026-07-26T11:58:49.747223+00:00,2026-07-26T11:58:49.747700+00:00,2331.14897408
SOLUSDT,LONG,82.86,82.56621758142171,39.674752923629434,82.56621758142171,83.44756483715659,11.655744870400042,-11.65574487,6.56324431,-18.21898918,LOSS,STOP_LOSS,2026-07-26T11:58:49.766135+00:00,2026-07-26T11:58:49.767280+00:00,2312.9299849
BTCUSDT,LONG,73943.4,74230.33460888782,0.08060826102034314,73799.93269555608,74230.33460888782,11.564649924500042,23.12929985,11.94402708,11.18527277,WIN,TAKE_PROFIT,2026-07-26T11:58:49.785606+00:00,2026-07-26T11:58:49.786072+00:00,2324.11525767
ETHUSDT,LONG,2029.29,2023.9433980435747,2.173450797919465,2023.9433980435747,2039.9832039128503,11.620576288350044,-11.62057629,8.80950336,-20.43007965,LOSS,STOP_LOSS,2026-07-26T11:58:49.805730+00:00,2026-07-26T11:58:49.807256+00:00,2303.68517802
BTCUSDT,SHORT,73833.3,73963.48742722905,0.08847571639798835,73963.48742722905,73572.92514554193,11.518425890100042,-11.51842589,13.07642665,-24.59485254,LOSS,STOP_LOSS,2026-07-26T11:58:49.826215+00:00,2026-07-26T11:58:49.826892+00:00,2279.09032548
BTCUSDT,SHORT,73814.5,73963.9825494737,0.07623265503244907,73963.9825494737,73515.53490105258,11.395451627400043,-11.39545163,11.26554608,-22.66099771,LOSS,STOP_LOSS,2026-07-26T11:58:49.847438+00:00,2026-07-26T11:58:49.848127+00:00,2256.42932777
ETHUSDT,SHORT,2022.65,2011.9567062155934,2.1101349811041583,2027.9966468922034,2011.9567062155934,11.282146638850042,22.56429328,8.51356475,14.05072853,WIN,TAKE_PROFIT,2026-07-26T11:58:49.866797+00:00,2026-07-26T11:58:49.867432+00:00,2270.4800563
BTCUSDT,SHORT,73689.7,73389.78137914841,0.07570320408426631,73839.65931042579,73389.78137914841,11.352400281500042,22.70480056,11.134388,11.57041257,WIN,TAKE_PROFIT,2026-07-26T11:58:49.887698+00:00,2026-07-26T11:58:49.887917+00:00,2282.05046887
BTCUSDT,SHORT,73558.4,73736.69078825253,0.06399799146206515,73736.69078825253,73201.81842349494,11.410252344350042,-11.41025234,9.42658996,-20.83684231,LOSS,STOP_LOSS,2026-07-26T11:58:49.908512+00:00,2026-07-26T11:58:49.908889+00:00,2261.21362656
ETHUSDT,SHORT,2012.59,1998.1183200872701,1.5625094254406273,2019.825839956365,1998.1183200872701,11.306068132800043,22.61213627,6.26676955,16.34536671,WIN,TAKE_PROFIT,2026-07-26T11:58:49.930157+00:00,2026-07-26T11:58:49.930788+00:00,2277.55899327
BTCUSDT,SHORT,73464.7,73653.86700847399,0.060199688403467295,73653.86700847399,73086.36598305202,11.387794966350041,-11.38779497,8.85649189,-20.24428686,LOSS,STOP_LOSS,2026-07-26T11:58:49.951259+00:00,2026-07-26T11:58:49.951747+00:00,2257.31470641
ETHUSDT,SHORT,2004.5,2012.3788326283693,1.4325185042528328,2012.3788326283693,1988.7423347432614,11.28657353205004,-11.28657353,5.75425326,-17.04082679,LOSS,STOP_LOSS,2026-07-26T11:58:49.973303+00:00,2026-07-26T11:58:49.974217+00:00,2240.27387962
ETHUSDT,SHORT,2002.33,2010.6602576148662,1.3446606234733995,2010.6602576148662,1985.6694847702674,11.20136939810004,-11.2013694,5.39610998,-16.59747938,LOSS,STOP_LOSS,2026-07-26T11:58:49.993619+00:00,2026-07-26T11:58:49.993985+00:00,2223.67640024
SOLUSDT,LONG,82.71,82.26738387219692,25.119694703367802,82.26738387219692,83.59523225560613,11.11838200120004,-11.118382,4.14418152,-15.26256352,LOSS,STOP_LOSS,2026-07-26T11:58:50.012846+00:00,2026-07-26T11:58:50.013275+00:00,2208.41383672
ETHUSDT,SHORT,2003.58,2013.5495646839593,1.1075778666009608,2013.5495646839593,1983.640870632081,11.042069183600038,-11.04206918,4.44928379,-15.49135298,LOSS,STOP_LOSS,2026-07-26T11:58:50.035143+00:00,2026-07-26T11:58:50.035709+00:00,2192.92248374
SOLUSDT,LONG,82.62,82.04177376586253,18.962495596651227,82.04177376586253,83.77645246827495,10.964612418700037,-10.96461242,3.12239816,-14.08701058,LOSS,STOP_LOSS,2026-07-26T11:58:50.054203+00:00,2026-07-26T11:58:50.054834+00:00,2178.83547316
BTCUSDT,SHORT,73368.4,72736.06492186237,0.03445697619017434,73684.56753906881,72736.06492186237,10.894177365800038,21.78835473,5.03431807,16.75403666,WIN,TAKE_PROFIT,2026-07-26T11:58:50.073610+00:00,2026-07-26T11:58:50.074536+00:00,2195.58950982
BTCUSDT,SHORT,72776.1,73072.03921786671,0.03709527797037294,73072.03921786671,72184.2215642666,10.977947549100039,-10.97794755,5.41027727,-16.38822481,LOSS,STOP_LOSS,2026-07-26T11:58:50.094265+00:00,2026-07-26T11:58:50.094849+00:00,2179.20128501
BTCUSDT,SHORT,72976.2,72406.10067962967,0.038224940938263674,73261.24966018516,72406.10067962967,10.89600642505004,21.79201285,5.55722986,16.23478299,WIN,TAKE_PROFIT,2026-07-26T11:58:50.113793+00:00,2026-07-26T11:58:50.114520+00:00,2195.436068
ETHUSDT,SHORT,1980.73,1989.4311422751894,1.2615792263621284,1989.4311422751894,1963.3277154496216,10.97718034000004,-10.97718034,5.00867282,-15.98585316,LOSS,STOP_LOSS,2026-07-26T11:58:50.133995+00:00,2026-07-26T11:58:50.134516+00:00,2179.45021484
SOLUSDT,SHORT,81.0,80.02551877358553,22.365235530079385,81.48724061320723,80.02551877358553,10.897251074200039,21.79450215,3.60137365,18.19312849,WIN,TAKE_PROFIT,2026-07-26T11:58:50.154045+00:00,2026-07-26T11:58:50.154555+00:00,2197.64334333
ETHUSDT,SHORT,1970.61,1984.9450301134355,0.7665290292171261,1984.9450301134355,1941.9399397731288,10.98821671665004,-10.98821672,3.03204776,-14.02026447,LOSS,STOP_LOSS,2026-07-26T11:58:50.173643+00:00,2026-07-26T11:58:50.174518+00:00,2183.62307886
BTCUSDT,SHORT,71617.9,70728.81840567046,0.02456043509152528,72062.44079716476,70728.81840567046,10.918115394300042,21.83623079,3.49609734,18.34013345,WIN,TAKE_PROFIT,2026-07-26T11:58:50.193656+00:00,2026-07-26T11:58:50.195342+00:00,2201.96321231
BTCUSDT,SHORT,70615.2,70974.44269736586,0.030647292602686737,70974.44269736586,69896.71460526827,11.00981606155004,-11.00981606,4.33933921,-15.34915527,LOSS,STOP_LOSS,2026-07-26T11:58:50.216130+00:00,2026-07-26T11:58:50.216690+00:00,2186.61405704
BTCUSDT,SHORT,70881.6,69999.7837466046,0.024796708482300502,71322.5081266977,69999.7837466046,10.93307028520004,21.86614057,3.4933946,18.37274597,WIN,TAKE_PROFIT,2026-07-26T11:58:50.237681+00:00,2026-07-26T11:58:50.238565+00:00,2204.98680301
ETHUSDT,SHORT,1981.51,1956.8639447012556,0.8946611440583525,1993.8330276493723,1956.8639447012556,11.02493401505004,22.04986803,3.52351014,18.52635789,WIN,TAKE_PROFIT,2026-07-26T11:58:50.257726+00:00,2026-07-26T11:58:50.259284+00:00,2223.5131609
BTCUSDT,SHORT,67858.7,66890.09268229692,0.022955774959172982,68343.00365885154,66890.09268229692,11.117565804500039,22.23513161,3.09326296,19.14186865,WIN,TAKE_PROFIT,2026-07-26T11:58:50.279175+00:00,2026-07-26T11:58:50.280293+00:00,2242.65502955
BTCUSDT,SHORT,66950.0,67438.89598569635,0.022935911678183433,67438.89598569635,65972.20802860729,11.21327514775004,-11.21327515,3.08233185,-14.295607,LOSS,STOP_LOSS,2026-07-26T11:58:50.299651+00:00,2026-07-26T11:58:50.300021+00:00,2228.35942255
BTCUSDT,SHORT,67286.7,67836.8217937892,0.02025332796944116,67836.8217937892,66186.45641242158,11.141797112750039,-11.14179711,2.736701,-13.87849812,LOSS,STOP_LOSS,2026-07-26T11:58:50.319625+00:00,2026-07-26T11:58:50.320142+00:00,2214.48092443
ETHUSDT,SHORT,1908.69,1871.8877916377915,0.6017250113457903,1927.0911041811044,1871.8877916377915,11.072404622150039,22.14480924,2.27486821,19.86994103,WIN,TAKE_PROFIT,2026-07-26T11:58:50.340057+00:00,2026-07-26T11:58:50.340643+00:00,2234.35086546
BTCUSDT,SHORT,66354.2,66973.02082689076,0.018053294009886582,66973.02082689076,65116.55834621847,11.17175432730004,-11.17175433,2.40699552,-13.57874984,LOSS,STOP_LOSS,2026-07-26T11:58:50.360242+00:00,2026-07-26T11:58:50.360800+00:00,2220.77211562
BTCUSDT,SHORT,66747.9,65532.20760270652,0.01826754959201987,67355.74619864674,65532.20760270652,11.103860578100038,22.20772116,2.41643343,19.79128773,WIN,TAKE_PROFIT,2026-07-26T11:58:50.380543+00:00,2026-07-26T11:58:50.381434+00:00,2240.56340335
BTCUSDT,SHORT,65818.4,66415.41422055816,0.01876474065605386,66415.41422055816,64624.37155888367,11.20281701675004,-11.20281702,2.48133323,-13.68415025,LOSS,STOP_LOSS,2026-07-26T11:58:50.401259+00:00,2026-07-26T11:58:50.401602+00:00,2226.8792531
BTCUSDT,SHORT,66314.5,66954.93820480401,0.0173855903379585,66954.93820480401,65033.62359039199,11.134396265500039,-11.13439627,2.31696786,-13.45136412,LOSS,STOP_LOSS,2026-07-26T11:58:50.421076+00:00,2026-07-26T11:58:50.421590+00:00,2213.42788898
BTCUSDT,SHORT,66928.7,67379.30426560597,0.024560662846848123,67379.30426560597,66027.49146878804,11.067139444900038,-11.06713944,3.29869361,-14.36583306,LOSS,STOP_LOSS,2026-07-26T11:58:50.441010+00:00,2026-07-26T11:58:50.441454+00:00,2199.06205592
BTCUSDT,SHORT,67040.1,66293.25520365576,0.029444699443368576,67413.52239817212,66293.25520365576,10.995310279600037,21.99062056,3.92596057,18.06465999,WIN,TAKE_PROFIT,2026-07-26T11:58:50.460874+00:00,2026-07-26T11:58:50.461759+00:00,2217.12671591
BTCUSDT,SHORT,66579.7,65675.76491639623,0.024527499331819958,67031.66754180189,65675.76491639623,11.085633579550038,22.17126716,3.24389583,18.92737133,WIN,TAKE_PROFIT,2026-07-26T11:58:50.481409+00:00,2026-07-26T11:58:50.481870+00:00,2236.05408724
BTCUSDT,SHORT,65574.5,66107.61028507401,0.02097177779012029,66107.61028507401,64508.27942985196,11.180270436200038,-11.18027044,2.76160796,-13.94187839,LOSS,STOP_LOSS,2026-07-26T11:58:50.501034+00:00,2026-07-26T11:58:50.501528+00:00,2222.11220885
SOLUSDT,SHORT,73.66,71.92996763307812,12.84433893455791,74.52501618346093,71.92996763307812,11.110561044250037,22.22112209,1.87000689,20.3511152,WIN,TAKE_PROFIT,2026-07-26T11:58:50.521917+00:00,2026-07-26T11:58:50.522559+00:00,2242.46332405
ETHUSDT,SHORT,1814.84,1782.7843692214835,0.6995536414628579,1830.867815389258,1782.7843692214835,11.212316620250038,22.42463324,2.51673123,19.90790201,WIN,TAKE_PROFIT,2026-07-26T11:58:50.542760+00:00,2026-07-26T11:58:50.543216+00:00,2262.37122606
BTCUSDT,SHORT,64971.7,65496.98970019795,0.021534509673495034,65496.98970019795,63921.1205996041,11.311856130300036,-11.31185613,2.80957926,-14.12143539,LOSS,STOP_LOSS,2026-07-26T11:58:50.563061+00:00,2026-07-26T11:58:50.563420+00:00,2248.24979067
BTCUSDT,SHORT,65371.2,64260.42627106095,0.020240393989308852,65926.58686446951,64260.42627106095,11.241248953350036,22.48249791,2.62379519,19.85870272,WIN,TAKE_PROFIT,2026-07-26T11:58:50.583166+00:00,2026-07-26T11:58:50.583935+00:00,2268.10849339
ETHUSDT,SHORT,1815.72,1771.169859651333,0.509113658372091,1837.9950701743337,1771.169859651333,11.340542466950037,22.68108493,1.82613462,20.85495032,WIN,TAKE_PROFIT,2026-07-26T11:58:50.603818+00:00,2026-07-26T11:58:50.604429+00:00,2288.96344371
ETHUSDT,SHORT,1773.04,1722.8137698771427,0.4557306885487974,1798.1531150614285,1722.8137698771427,11.444817218550037,22.88963444,1.59316785,21.29646659,WIN,TAKE_PROFIT,2026-07-26T11:58:50.625444+00:00,2026-07-26T11:58:50.625972+00:00,2310.2599103
ETHUSDT,SHORT,1744.9,1774.5493818476527,0.38959664018811846,1774.5493818476527,1685.601236304695,11.551299551500037,-11.55129955,1.37116565,-12.92246521,LOSS,STOP_LOSS,2026-07-26T11:58:50.647010+00:00,2026-07-26T11:58:50.647308+00:00,2297.33744509
BTCUSDT,SHORT,63371.8,64223.87196066384,0.013480888652292819,64223.87196066384,61667.65607867233,11.486687225450037,-11.48668723,1.72010305,-13.20679027,LOSS,STOP_LOSS,2026-07-26T11:58:50.667083+00:00,2026-07-26T11:58:50.667581+00:00,2284.13065482
SOLUSDT,SHORT,70.85,68.67223983034151,10.488439850464374,71.93888008482924,68.67223983034151,11.420653274100037,22.84130655,1.46337062,21.37793593,WIN,TAKE_PROFIT,2026-07-26T11:58:50.688525+00:00,2026-07-26T11:58:50.689316+00:00,2305.50859075
ETHUSDT,SHORT,1766.93,1787.7274296057617,0.5542772915820595,1787.7274296057617,1725.335140788477,11.527542953750038,-11.52754295,1.97026589,-13.49780885,LOSS,STOP_LOSS,2026-07-26T11:58:50.708910+00:00,2026-07-26T11:58:50.710053+00:00,2292.0107819
SOLUSDT,SHORT,69.26,67.26959791956213,11.515315445187783,70.25520104021894,67.26959791956213,11.460053909500036,22.92010782,1.57218139,21.34792643,WIN,TAKE_PROFIT,2026-07-26T11:58:50.729657+00:00,2026-07-26T11:58:50.731725+00:00,2313.35870833
BTCUSDT,SHORT,62585.5,63090.310970812345,0.022913118395657617,63090.310970812345,61575.87805837532,11.566793541650036,-11.56679354,2.87962474,-14.44641828,LOSS,STOP_LOSS,2026-07-26T11:58:50.752032+00:00,2026-07-26T11:58:50.752589+00:00,2298.91229005
ETHUSDT,SHORT,1735.69,1699.379179507847,0.6331204469881964,1753.8454102460767,1699.379179507847,11.494561450250036,22.9891229,2.17481253,20.81431037,WIN,TAKE_PROFIT,2026-07-26T11:58:50.772569+00:00,2026-07-26T11:58:50.772993+00:00,2319.72660042
BTCUSDT,SHORT,62858.7,61649.58654384707,0.01918535095788902,63463.25672807646,61649.58654384707,11.598633002100035,23.197266,2.38873517,20.80853083,WIN,TAKE_PROFIT,2026-07-26T11:58:50.793685+00:00,2026-07-26T11:58:50.794073+00:00,2340.53513125
BTCUSDT,SHORT,61642.4,62384.838987457726,0.01576247456551631,62384.838987457726,60157.52202508456,11.702675656250035,-11.70267566,1.9549762,-13.65765186,LOSS,STOP_LOSS,2026-07-26T11:58:50.814154+00:00,2026-07-26T11:58:50.814679+00:00,2326.87747939
ETHUSDT,SHORT,1673.41,1614.3688041716691,0.3941108317242885,1702.9305979141654,1614.3688041716691,11.634387396950036,23.26877479,1.29574924,21.97302555,WIN,TAKE_PROFIT,2026-07-26T11:58:50.834418+00:00,2026-07-26T11:58:50.835984+00:00,2348.85050494
SOLUSDT,SHORT,64.28,65.43941196298461,10.129490551803062,65.43941196298461,61.96117607403078,11.744252524700034,-11.74425252,1.31399156,-13.05824408,LOSS,STOP_LOSS,2026-07-26T11:58:50.856365+00:00,2026-07-26T11:58:50.856905+00:00,2335.79226086
BTCUSDT,SHORT,60809.7,59157.895899122035,0.014140855199587481,61635.60205043898,59157.895899122035,11.678961304300035,23.35792261,1.6964444,21.66147821,WIN,TAKE_PROFIT,2026-07-26T11:58:50.878107+00:00,2026-07-26T11:58:50.879169+00:00,2357.45373907
SOLUSDT,SHORT,62.86,64.18288885355435,8.910248705837931,64.18288885355435,60.21422229289131,11.787268695350035,-11.7872687,1.13198374,-12.91925243,LOSS,STOP_LOSS,2026-07-26T11:58:50.900918+00:00,2026-07-26T11:58:50.901457+00:00,2344.53448664
SOLUSDT,SHORT,64.0,60.90765608785493,7.581739137849238,65.54617195607253,60.90765608785493,11.722672433200035,23.44534487,0.94701726,22.4983276,WIN,TAKE_PROFIT,2026-07-26T11:58:50.921193+00:00,2026-07-26T11:58:50.922819+00:00,2367.03281424
BTCUSDT,SHORT,59927.0,60502.16418782131,0.02057701839196719,60502.16418782131,58776.671624357376,11.835164071200033,-11.83516407,2.47807313,-14.3132372,LOSS,STOP_LOSS,2026-07-26T11:58:50.943762+00:00,2026-07-26T11:58:50.944217+00:00,2352.71957704
ETHUSDT,SHORT,1548.78,1576.1328897739534,0.4300678276560693,1576.1328897739534,1494.0742204520932,11.763597885200033,-11.76359789,1.3439245,-13.10752238,LOSS,STOP_LOSS,2026-07-26T11:58:50.970242+00:00,2026-07-26T11:58:50.970727+00:00,2339.61205466
ETHUSDT,SHORT,1559.49,1583.8719333073016,0.4797839501019744,1583.8719333073016,1510.726133385397,11.698060273300035,-11.69806027,1.5081346,-13.20619488,LOSS,STOP_LOSS,2026-07-26T11:58:50.990523+00:00,2026-07-26T11:58:50.991044+00:00,2326.40585978
SOLUSDT,SHORT,62.66,63.57977772157774,12.646565606032476,63.57977772157774,60.82044455684451,11.632029298900033,-11.6320293,1.59649963,-13.22852893,LOSS,STOP_LOSS,2026-07-26T11:58:51.010767+00:00,2026-07-26T11:58:51.013553+00:00,2313.17733085
BTCUSDT,LONG,61452.5,62160.18753110729,0.03268642203191977,61098.65623444636,62160.18753110729,11.565886654250034,23.13177331,4.04045647,19.09131684,WIN,TAKE_PROFIT,2026-07-26T11:58:51.034227+00:00,2026-07-26T11:58:51.035483+00:00,2332.26864769
BTCUSDT,LONG,62104.2,62823.371489538855,0.032429937526937846,61744.61425523057,62823.371489538855,11.661343238450035,23.32268648,4.05139334,19.27129314,WIN,TAKE_PROFIT,2026-07-26T11:58:51.056157+00:00,2026-07-26T11:58:51.056897+00:00,2351.53994083
SOLUSDT,SHORT,64.28,64.92195507568789,18.315455628341336,64.92195507568789,62.99608984862422,11.757699704150037,-11.7576997,2.36639268,-14.12409238,LOSS,STOP_LOSS,2026-07-26T11:58:51.078222+00:00,2026-07-26T11:58:51.078603+00:00,2337.41584845
ETHUSDT,LONG,1629.85,1616.703069164426,0.888958753067014,1616.703069164426,1656.1438616711478,11.687079242250036,-11.68707924,2.88605177,-14.57313101,LOSS,STOP_LOSS,2026-07-26T11:58:51.098513+00:00,2026-07-26T11:58:51.099684+00:00,2322.84271744
BTCUSDT,SHORT,61303.8,61682.149091120154,0.030697083354461332,61682.149091120154,60547.10181775969,11.614213587200036,-11.61421359,3.77530993,-15.38952352,LOSS,STOP_LOSS,2026-07-26T11:58:51.119663+00:00,2026-07-26T11:58:51.119963+00:00,2307.45319392
BTCUSDT,SHORT,61555.7,61960.092013183,0.02852990562001793,61960.092013183,60746.91597363399,11.537265969600037,-11.53726597,3.52389389,-15.06115986,LOSS,STOP_LOSS,2026-07-26T11:58:51.140166+00:00,2026-07-26T11:58:51.140639+00:00,2292.39203406
BTCUSDT,SHORT,61755.0,62145.154583141244,0.029377996992926828,62145.154583141244,60974.69083371751,11.461960170300038,-11.46196017,3.63993837,-15.10189854,LOSS,STOP_LOSS,2026-07-26T11:58:51.161086+00:00,2026-07-26T11:58:51.161371+00:00,2277.29013552
BTCUSDT,LONG,63133.3,62421.91744928524,0.016006086550983692,62421.91744928524,64556.06510142953,11.386450677600036,-11.38645068,2.00964768,-13.39609836,LOSS,STOP_LOSS,2026-07-26T11:58:51.185009+00:00,2026-07-26T11:58:51.186445+00:00,2263.89403716
BTCUSDT,LONG,63040.1,63976.88952689563,0.024166517367697073,62571.70523655218,63976.88952689563,11.319470185800037,22.63894037,3.06955828,19.56938209,WIN,TAKE_PROFIT,2026-07-26T11:58:51.206774+00:00,2026-07-26T11:58:51.208384+00:00,2283.46341925
BTCUSDT,LONG,63933.7,63426.62907494102,0.02251621327908321,63426.62907494102,64947.84185011796,11.417317096250038,-11.4173171,2.86767233,-14.28498943,LOSS,STOP_LOSS,2026-07-26T11:58:51.230958+00:00,2026-07-26T11:58:51.231667+00:00,2269.17842982
BTCUSDT,LONG,63691.7,63328.11092197823,0.03120526119989983,63328.11092197823,64418.87815604353,11.345892149100036,-11.34589215,3.96368638,-15.30957853,LOSS,STOP_LOSS,2026-07-26T11:58:51.251945+00:00,2026-07-26T11:58:51.252399+00:00,2253.86885129
ETHUSDT,LONG,1694.2,1679.719537266363,0.7782447608025744,1679.719537266363,1723.1609254672744,11.269344256450035,-11.26934426,2.6257352,-13.89507946,LOSS,STOP_LOSS,2026-07-26T11:58:51.272685+00:00,2026-07-26T11:58:51.273288+00:00,2239.97377183
BTCUSDT,SHORT,62698.3,63085.887667448864,0.028896349909347127,63085.887667448864,61923.124665102274,11.199868859150035,-11.19986886,3.6347039,-14.83457276,LOSS,STOP_LOSS,2026-07-26T11:58:51.295644+00:00,2026-07-26T11:58:51.296652+00:00,2225.13919907
BTCUSDT,SHORT,62999.9,62346.90502295551,0.034075900692852996,63326.39748852225,62346.90502295551,11.125695995350036,22.25139199,4.27130528,17.98008671,WIN,TAKE_PROFIT,2026-07-26T11:58:51.317261+00:00,2026-07-26T11:58:51.318476+00:00,2243.11928578
BTCUSDT,SHORT,62314.4,61702.57320404268,0.03666265192373969,62620.31339797866,61702.57320404268,11.215596428900035,22.43119286,4.54679112,17.88440174,WIN,TAKE_PROFIT,2026-07-26T11:58:51.338792+00:00,2026-07-26T11:58:51.339235+00:00,2261.00368752
BTCUSDT,SHORT,61572.2,60795.03561226215,0.02909299143391401,61960.782193868916,60795.03561226215,11.305018437600035,22.61003688,3.56002894,19.05000794,WIN,TAKE_PROFIT,2026-07-26T11:58:51.359488+00:00,2026-07-26T11:58:51.360114+00:00,2280.05369546
BTCUSDT,SHORT,61217.2,61688.639347818294,0.024181834906351517,61688.639347818294,60274.32130436341,11.400268477300035,-11.40026848,2.97208872,-14.37235719,LOSS,STOP_LOSS,2026-07-26T11:58:51.380548+00:00,2026-07-26T11:58:51.380971+00:00,2265.68133827
ETHUSDT,SHORT,1644.15,1660.8779418096565,0.6772146161346994,1660.8779418096565,1610.6941163806873,11.328406691350034,-11.32840669,2.23821323,-13.56661992,LOSS,STOP_LOSS,2026-07-26T11:58:51.401263+00:00,2026-07-26T11:58:51.401999+00:00,2252.11471835
BTCUSDT,SHORT,61777.0,60985.56158266156,0.028455969144431093,62172.71920866922,60985.56158266156,11.260573591750035,22.52114718,3.49332766,19.02781952,WIN,TAKE_PROFIT,2026-07-26T11:58:51.422595+00:00,2026-07-26T11:58:51.424785+00:00,2271.14253787
BTCUSDT,SHORT,61176.6,61527.24064247706,0.03238561454008525,61527.24064247706,60475.31871504587,11.355712689350035,-11.35571269,3.97383929,-15.32955197,LOSS,STOP_LOSS,2026-07-26T11:58:51.445182+00:00,2026-07-26T11:58:51.446012+00:00,2255.8129859
BTCUSDT,LONG,62604.8,62052.74795028851,0.020431162125735428,62052.74795028851,63708.90409942299,11.279064929500034,-11.27906493,2.54689857,-13.8259635,LOSS,STOP_LOSS,2026-07-26T11:58:51.466495+00:00,2026-07-26T11:58:51.466961+00:00,2241.9870224
ETHUSDT,SHORT,1627.14,1644.846184142717,0.6331084677333477,1644.846184142717,1591.727631714566,11.209935112000034,-11.20993511,2.07152216,-13.28145727,LOSS,STOP_LOSS,2026-07-26T11:58:51.487301+00:00,2026-07-26T11:58:51.489292+00:00,2228.70556513
ETHUSDT,LONG,1640.08,1664.4580070095187,0.9142279613997002,1627.8909964952404,1664.4580070095187,11.143527825650034,22.28705565,3.02110105,19.26595461,WIN,TAKE_PROFIT,2026-07-26T11:58:51.510241+00:00,2026-07-26T11:58:51.512021+00:00,2247.97151974
ETHUSDT,LONG,1665.76,1657.326624344484,1.3327827500899123,1657.326624344484,1682.6267513110322,11.239857598700034,-11.2398576,4.42895253,-15.66881013,LOSS,STOP_LOSS,2026-07-26T11:58:51.533107+00:00,2026-07-26T11:58:51.533487+00:00,2232.30270961
BTCUSDT,LONG,62978.3,62655.94773846086,0.03462520627203604,62655.94773846086,63623.004523078285,11.161513548050033,-11.16151355,4.35011174,-15.51162529,LOSS,STOP_LOSS,2026-07-26T11:58:51.556166+00:00,2026-07-26T11:58:51.556640+00:00,2216.79108432
BTCUSDT,LONG,62940.0,62609.570437827446,0.033544079254663725,62609.570437827446,63600.85912434511,11.083955421600033,-11.08395542,4.21144474,-15.29540016,LOSS,STOP_LOSS,2026-07-26T11:58:51.578260+00:00,2026-07-26T11:58:51.578960+00:00,2201.49568416
SOLUSDT,LONG,65.53,66.71327573601205,18.605094460735174,64.93836213199398,66.71327573601205,11.007478420800032,22.01495684,2.46039864,19.5545582,WIN,TAKE_PROFIT,2026-07-26T11:58:51.599636+00:00,2026-07-26T11:58:51.600471+00:00,2221.05024236
BTCUSDT,LONG,63302.4,62874.14349483968,0.025931307704579055,62874.14349483968,64158.91301032065,11.105251211800033,-11.10525121,3.27192277,-14.37717399,LOSS,STOP_LOSS,2026-07-26T11:58:51.622598+00:00,2026-07-26T11:58:51.624925+00:00,2206.67306837
ETHUSDT,SHORT,1653.94,1662.7334925159212,1.2547193645611776,1662.7334925159212,1636.3530149681578,11.033365341850033,-11.03336534,4.16149446,-15.1948598,LOSS,STOP_LOSS,2026-07-26T11:58:51.646433+00:00,2026-07-26T11:58:51.646937+00:00,2191.47820857
SOLUSDT,LONG,66.91,66.484680357357,25.762720420715688,66.484680357357,67.76063928528598,10.957391042850034,-10.95739104,3.43660986,-14.3940009,LOSS,STOP_LOSS,2026-07-26T11:58:51.667848+00:00,2026-07-26T11:58:51.669189+00:00,2177.08420767
ETHUSDT,SHORT,1656.77,1665.3941932119928,1.262195868155267,1665.3941932119928,1639.5216135760143,10.885421038350035,-10.88542104,4.19322192,-15.07864296,LOSS,STOP_LOSS,2026-07-26T11:58:51.689748+00:00,2026-07-26T11:58:51.690051+00:00,2162.00556471
ETHUSDT,SHORT,1665.53,1674.9256794111361,1.1505317870613476,1674.9256794111361,1646.7386411777277,10.810027823550035,-10.81002782,3.84330044,-14.65332827,LOSS,STOP_LOSS,2026-07-26T11:58:51.710831+00:00,2026-07-26T11:58:51.711126+00:00,2147.35223644
SOLUSDT,LONG,67.18,68.19178028567563,21.223503430945957,66.6741098571622,68.19178028567563,10.736761182200034,21.47352236,2.87306344,18.60045892,WIN,TAKE_PROFIT,2026-07-26T11:58:51.733472+00:00,2026-07-26T11:58:51.733788+00:00,2165.95269536
ETHUSDT,SHORT,1658.98,1672.2329255432135,0.8171602142853447,1672.2329255432135,1632.4741489135731,10.829763476800036,-10.82976348,2.72213467,-13.55189814,LOSS,STOP_LOSS,2026-07-26T11:58:51.754565+00:00,2026-07-26T11:58:51.754893+00:00,2152.40079722
BTCUSDT,LONG,63827.6,63388.932082503605,0.024533373781975988,63388.932082503605,64704.935834992786,10.762003986100035,-10.76200399,3.12105073,-13.88305472,LOSS,STOP_LOSS,2026-07-26T11:58:51.777048+00:00,2026-07-26T11:58:51.778117+00:00,2138.5177425
ETHUSDT,SHORT,1661.73,1668.765303141584,1.5198476167002406,1668.765303141584,1647.6593937168323,10.692588712500035,-10.69258871,5.06184535,-15.75443406,LOSS,STOP_LOSS,2026-07-26T11:58:51.799241+00:00,2026-07-26T11:58:51.800072+00:00,2122.76330844
BTCUSDT,LONG,63801.0,63609.05901140445,0.055297290171642935,63609.05901140445,64184.88197719109,10.613816542200034,-10.61381654,7.045431,-17.65924755,LOSS,STOP_LOSS,2026-07-26T11:58:51.822864+00:00,2026-07-26T11:58:51.823219+00:00,2105.10406089
ETHUSDT,SHORT,1663.89,1669.6695088264548,1.8211790345005132,1669.6695088264548,1652.3309823470906,10.525520304450033,-10.5255203,6.07100869,-16.59652899,LOSS,STOP_LOSS,2026-07-26T11:58:51.846518+00:00,2026-07-26T11:58:51.847786+00:00,2088.5075319
BTCUSDT,LONG,63749.4,64057.14687631578,0.06786445915886255,63595.52656184211,64057.14687631578,10.442537659500033,20.88507532,8.67352218,12.21155314,WIN,TAKE_PROFIT,2026-07-26T11:58:51.871528+00:00,2026-07-26T11:58:51.872695+00:00,2100.71908504
SOLUSDT,LONG,67.95,68.52401288418254,36.597071998334975,67.66299355790873,68.52401288418254,10.503595425200032,21.00719085,4.99454928,16.01264157,WIN,TAKE_PROFIT,2026-07-26T11:58:51.893945+00:00,2026-07-26T11:58:51.894553+00:00,2116.73172661
ETHUSDT,LONG,1682.61,1678.0984167922713,2.3458857225374694,1678.0984167922713,1691.6331664154568,10.583658633050034,-10.58365863,7.88383789,-18.46749653,LOSS,STOP_LOSS,2026-07-26T11:58:51.915286+00:00,2026-07-26T11:58:51.915665+00:00,2098.26423008
BTCUSDT,LONG,64255.6,64644.698483001965,0.05392630199664382,64061.05075849901,64644.698483001965,10.491321150400033,20.9826423,6.95111642,14.03152588,WIN,TAKE_PROFIT,2026-07-26T11:58:51.936223+00:00,2026-07-26T11:58:51.936838+00:00,2112.29575596
ETHUSDT,LONG,1687.13,1680.4450282810687,1.5798838385345508,1680.4450282810687,1700.4999434378626,10.561478779800034,-10.56147878,5.32037736,-15.88185614,LOSS,STOP_LOSS,2026-07-26T11:58:51.963036+00:00,2026-07-26T11:58:51.963733+00:00,2096.41389982
ETHUSDT,LONG,1685.99,1680.1867761059596,1.8062493694004251,1680.1867761059596,1697.596447788081,10.482069499100035,-10.4820695,6.08015468,-16.56222418,LOSS,STOP_LOSS,2026-07-26T11:58:51.987066+00:00,2026-07-26T11:58:51.987820+00:00,2079.85167564
BTCUSDT,LONG,64515.0,64373.210821136876,0.07334310320140135,64373.210821136876,64798.57835772625,10.399258378200035,-10.39925838,9.45306135,-19.85231973,LOSS,STOP_LOSS,2026-07-26T11:58:52.015945+00:00,2026-07-26T11:58:52.016548+00:00,2059.99935591
BTCUSDT,LONG,64438.9,64303.89659691585,0.07629434921081253,64303.89659691585,64708.9068061683,10.299996779550034,-10.29999678,9.82234788,-20.12234466,LOSS,STOP_LOSS,2026-07-26T11:58:52.040344+00:00,2026-07-26T11:58:52.040771+00:00,2039.87701125
ETHUSDT,SHORT,1675.56,1666.0539683199052,2.145876512826488,1680.3130158400475,1666.0539683199052,10.199385056250033,20.39877011,7.17069093,13.22807918,WIN,TAKE_PROFIT,2026-07-26T11:58:52.062204+00:00,2026-07-26T11:58:52.063535+00:00,2053.10509043
ETHUSDT,SHORT,1667.76,1658.2466597907328,2.1581327328439643,1672.5166701046335,1658.2466597907328,10.265525452150035,20.5310509,7.17796384,13.35308706,WIN,TAKE_PROFIT,2026-07-26T11:58:52.086538+00:00,2026-07-26T11:58:52.087157+00:00,2066.45817749
ETHUSDT,SHORT,1655.29,1661.4907229425592,1.6663042330973286,1661.4907229425592,1642.8885541148816,10.332290887450034,-10.33229089,5.52676576,-15.85905665,LOSS,STOP_LOSS,2026-07-26T11:58:52.111567+00:00,2026-07-26T11:58:52.111919+00:00,2050.59912084
ETHUSDT,SHORT,1661.87,1668.1216692719004,1.640041268703132,1668.1216692719004,1649.366661456199,10.252995604200033,-10.2529956,5.46132376,-15.71431937,LOSS,STOP_LOSS,2026-07-26T11:58:52.134827+00:00,2026-07-26T11:58:52.135964+00:00,2034.88480147
BTCUSDT,LONG,64076.0,64427.72232912214,0.05785486541468243,63900.13883543893,64427.72232912214,10.174424007350032,20.34884801,7.43456556,12.91428245,WIN,TAKE_PROFIT,2026-07-26T11:58:52.159534+00:00,2026-07-26T11:58:52.159873+00:00,2047.79908392
SOLUSDT,LONG,70.21,69.65085163528553,18.311768513941242,69.65085163528553,71.32829672942891,10.238995419600032,-10.23899542,2.56109954,-12.80009496,LOSS,STOP_LOSS,2026-07-26T11:58:52.185674+00:00,2026-07-26T11:58:52.186033+00:00,2034.99898896
SOLUSDT,LONG,70.13,71.3856742207831,16.20642484553735,69.50216288960844,71.3856742207831,10.174994944800032,20.34998989,2.29346314,18.05652675,WIN,TAKE_PROFIT,2026-07-26T11:58:52.208960+00:00,2026-07-26T11:58:52.209612+00:00,2053.05551571
SOLUSDT,LONG,71.64,70.95319389975863,14.946398372033057,70.95319389975863,73.01361220048274,10.26527757855003,-10.26527758,2.13125468,-12.39653226,LOSS,STOP_LOSS,2026-07-26T11:58:52.231042+00:00,2026-07-26T11:58:52.231398+00:00,2040.65898345
BTCUSDT,LONG,65507.9,66306.8793493897,0.02554082261336015,65108.41032530516,66306.8793493897,10.20329491725003,20.40658983,3.3666579,17.03993194,WIN,TAKE_PROFIT,2026-07-26T11:58:52.253635+00:00,2026-07-26T11:58:52.255681+00:00,2057.69891539
BTCUSDT,LONG,66222.0,66744.44932715202,0.03938561710102974,65960.77533642399,66744.44932715202,10.288494576950031,20.57698915,5.23696566,15.34002349,WIN,TAKE_PROFIT,2026-07-26T11:58:52.278569+00:00,2026-07-26T11:58:52.279190+00:00,2073.03893888
BTCUSDT,LONG,66801.8,66503.84378454133,0.03478764381016118,66503.84378454133,67397.71243091735,10.365194694400031,-10.36519469,4.63738925,-15.00258395,LOSS,STOP_LOSS,2026-07-26T11:58:52.302097+00:00,2026-07-26T11:58:52.302385+00:00,2058.03635493
BTCUSDT,LONG,66541.3,67190.09011442326,0.031721142310553,66216.90494278837,67190.09011442326,10.290181774650032,20.58036355,4.24211246,16.33825109,WIN,TAKE_PROFIT,2026-07-26T11:58:52.323731+00:00,2026-07-26T11:58:52.324423+00:00,2074.37460602
BTCUSDT,LONG,67248.5,66927.21897358457,0.032282868197417325,66927.21897358457,67891.06205283085,10.371873030100032,-10.37187303,4.33157705,-14.70345008,LOSS,STOP_LOSS,2026-07-26T11:58:52.345438+00:00,2026-07-26T11:58:52.345912+00:00,2059.67115594
BTCUSDT,LONG,66869.8,66548.48625379146,0.032050778720858694,66548.48625379146,67512.42749241707,10.298355779700032,-10.29835578,4.27615997,-14.57451575,LOSS,STOP_LOSS,2026-07-26T11:58:52.367155+00:00,2026-07-26T11:58:52.367784+00:00,2045.09664019
SOLUSDT,LONG,74.89,74.0915743430582,12.807057378537284,74.0915743430582,76.48685131388362,10.225483200950032,-10.2254832,1.90801557,-12.13349877,LOSS,STOP_LOSS,2026-07-26T11:58:52.391231+00:00,2026-07-26T11:58:52.392065+00:00,2032.96314142
BTCUSDT,SHORT,66028.2,66283.60296026825,0.03979913034846456,66283.60296026825,65517.394079463484,10.164815707100033,-10.16481571,5.26589469,-15.4307104,LOSS,STOP_LOSS,2026-07-26T11:58:52.417972+00:00,2026-07-26T11:58:52.419027+00:00,2017.53243102
BTCUSDT,LONG,66306.6,66822.77859651738,0.03908593739903509,66048.51070174131,66822.77859651738,10.087662155100032,20.17532431,5.20348656,14.97183775,WIN,TAKE_PROFIT,2026-07-26T11:58:52.440488+00:00,2026-07-26T11:58:52.441148+00:00,2032.50426877
BTCUSDT,LONG,66863.9,66583.0865320474,0.03618957957374489,66583.0865320474,67425.5269359052,10.162521343850033,-10.16252134,4.82939034,-14.99191168,LOSS,STOP_LOSS,2026-07-26T11:58:52.462521+00:00,2026-07-26T11:58:52.462897+00:00,2017.51235709
SOLUSDT,LONG,74.9,74.35703663834113,18.578715430503898,74.35703663834113,75.98592672331776,10.087561785450033,-10.08756179,2.77300401,-12.8605658,LOSS,STOP_LOSS,2026-07-26T11:58:52.484260+00:00,2026-07-26T11:58:52.485050+00:00,2004.65179129
ETHUSDT,LONG,1795.11,1817.0703142542793,0.9128520512402766,1784.12984287286,1817.0703142542793,10.023258956450034,20.04651791,3.29738621,16.7491317,WIN,TAKE_PROFIT,2026-07-26T11:58:52.506593+00:00,2026-07-26T11:58:52.507035+00:00,2021.40092299
BTCUSDT,LONG,66552.5,66293.61992147475,0.03904126061968955,66293.61992147475,67070.2601570505,10.107004614950034,-10.10700461,5.18647999,-15.29348461,LOSS,STOP_LOSS,2026-07-26T11:58:52.528622+00:00,2026-07-26T11:58:52.529070+00:00,2006.10743838
ETHUSDT,LONG,1802.02,1786.2043771883564,0.6342170214451143,1786.2043771883564,1833.6512456232872,10.030537191900033,-10.03053719,2.27571298,-12.30625017,LOSS,STOP_LOSS,2026-07-26T11:58:52.551838+00:00,2026-07-26T11:58:52.552320+00:00,1993.80118821
ETHUSDT,LONG,1794.24,1779.3187814529053,0.6681093712008586,1779.3187814529053,1824.0824370941893,9.969005941050034,-9.96900594,2.38752811,-12.35653405,LOSS,STOP_LOSS,2026-07-26T11:58:52.575295+00:00,2026-07-26T11:58:52.576808+00:00,1981.44465416
BTCUSDT,SHORT,65556.9,65792.87355857264,0.04198446355908089,65792.87355857264,65084.9528828547,9.907223270800033,-9.90722327,5.51464978,-15.42187305,LOSS,STOP_LOSS,2026-07-26T11:58:52.598604+00:00,2026-07-26T11:58:52.598993+00:00,1966.02278111
ETHUSDT,LONG,1796.95,1786.213725214226,0.9155982034453378,1786.213725214226,1818.4225495715477,9.830113905550034,-9.83011391,3.28073827,-13.11085218,LOSS,STOP_LOSS,2026-07-26T11:58:52.621070+00:00,2026-07-26T11:58:52.622211+00:00,1952.91192893
BTCUSDT,SHORT,65606.6,65148.72805102458,0.0426519233881872,65835.53597448772,65148.72805102458,9.764559644650033,19.52911929,5.57696623,13.95215305,WIN,TAKE_PROFIT,2026-07-26T11:58:52.645877+00:00,2026-07-26T11:58:52.646514+00:00,1966.86408198
ETHUSDT,SHORT,1760.14,1773.020982168924,0.7634759741866388,1773.020982168924,1734.378035662152,9.834320409900034,-9.83432041,2.69748352,-12.53180393,LOSS,STOP_LOSS,2026-07-26T11:58:52.671800+00:00,2026-07-26T11:58:52.672450+00:00,1954.33227805
BTCUSDT,LONG,65712.7,65332.21283473398,0.025681973749149146,65332.21283473398,66473.67433053203,9.771661390250035,-9.77166139,3.36549201,-13.1371534,LOSS,STOP_LOSS,2026-07-26T11:58:52.693988+00:00,2026-07-26T11:58:52.694703+00:00,1941.19512465
ETHUSDT,SHORT,1764.15,1783.3630080240657,0.5051773054532959,1783.3630080240657,1725.7239839518688,9.705975623250033,-9.70597562,1.79212306,-11.49809869,LOSS,STOP_LOSS,2026-07-26T11:58:52.716443+00:00,2026-07-26T11:58:52.716731+00:00,1929.69702596
BTCUSDT,LONG,66006.1,65445.08482851348,0.01719826061786233,65445.08482851348,67128.13034297306,9.648485129800035,-9.64848513,2.26073174,-11.90921687,LOSS,STOP_LOSS,2026-07-26T11:58:52.738224+00:00,2026-07-26T11:58:52.738538+00:00,1917.78780909
SOLUSDT,LONG,73.45,72.4504869729123,9.593610874076825,72.4504869729123,75.4490260541754,9.588939045450035,-9.58893905,1.3997125,-10.98865154,LOSS,STOP_LOSS,2026-07-26T11:58:52.760206+00:00,2026-07-26T11:58:52.760626+00:00,1906.79915755
ETHUSDT,SHORT,1740.0,1692.7940026541046,0.40393154784511853,1763.6029986729477,1692.7940026541046,9.533995787750035,19.06799158,1.38661379,17.68137778,WIN,TAKE_PROFIT,2026-07-26T11:58:52.782077+00:00,2026-07-26T11:58:52.785633+00:00,1924.48053533
BTCUSDT,SHORT,62664.2,63126.57192239109,0.020810958041935224,63126.57192239109,61739.456155217806,9.622402676650035,-9.62240268,2.61782648,-12.24022915,LOSS,STOP_LOSS,2026-07-26T11:58:52.807216+00:00,2026-07-26T11:58:52.808037+00:00,1912.24030618
BTCUSDT,SHORT,62895.1,63242.564046048865,0.027517096055329187,63242.564046048865,62200.17190790226,9.561201530900034,-9.56120153,3.47094222,-13.03214375,LOSS,STOP_LOSS,2026-07-26T11:58:52.829845+00:00,2026-07-26T11:58:52.832868+00:00,1899.20816243
ETHUSDT,LONG,1708.02,1696.8543117111951,0.8504662289087178,1696.8543117111951,1730.3513765776095,9.496040812150035,-9.49604081,2.89573062,-12.39177143,LOSS,STOP_LOSS,2026-07-26T11:58:52.860080+00:00,2026-07-26T11:58:52.861215+00:00,1886.816391
ETHUSDT,SHORT,1695.82,1706.3635776421565,0.8947704730963068,1706.3635776421565,1674.732844715687,9.434081955000034,-9.43408196,3.04417341,-12.47825536,LOSS,STOP_LOSS,2026-07-26T11:58:52.888482+00:00,2026-07-26T11:58:52.889483+00:00,1874.33813564
ETHUSDT,LONG,1708.0,1700.00441115956,1.1721076289966297,1700.00441115956,1723.99117768088,9.371690678200034,-9.37169068,3.99454797,-13.36623865,LOSS,STOP_LOSS,2026-07-26T11:58:52.915308+00:00,2026-07-26T11:58:52.915853+00:00,1860.97189699
BTCUSDT,LONG,63233.6,63656.83441587419,0.04397024030161081,63021.9827920629,63656.83441587419,9.304859484950034,18.60971897,5.57940289,13.03031608,WIN,TAKE_PROFIT,2026-07-26T11:58:52.939726+00:00,2026-07-26T11:58:52.940507+00:00,1874.00221307
ETHUSDT,SHORT,1703.77,1710.2723465550296,1.4410199435005773,1710.2723465550296,1690.7653068899406,9.370011065350035,-9.37001107,4.91970311,-14.28971417,LOSS,STOP_LOSS,2026-07-26T11:58:52.963297+00:00,2026-07-26T11:58:52.963943+00:00,1859.7124989
ETHUSDT,LONG,1714.19,1725.7308143690975,1.6114222440659933,1708.4195928154513,1725.7308143690975,9.298562494500034,18.59712499,5.54316492,13.05396007,WIN,TAKE_PROFIT,2026-07-26T11:58:52.985702+00:00,2026-07-26T11:58:52.986073+00:00,1872.76645897
BTCUSDT,LONG,63609.6,63406.197382105915,0.04603594777588332,63406.197382105915,64016.40523578817,9.363832294850033,-9.36383229,5.84729261,-15.21112491,LOSS,STOP_LOSS,2026-07-26T11:58:53.008059+00:00,2026-07-26T11:58:53.008855+00:00,1857.55533406
BTCUSDT,SHORT,63390.8,63567.2340228965,0.052641642002057724,63567.2340228965,63037.931954207015,9.287776670300033,-9.28777667,6.68327938,-15.97105605,LOSS,STOP_LOSS,2026-07-26T11:58:53.030685+00:00,2026-07-26T11:58:53.031021+00:00,1841.58427801
SOLUSDT,LONG,71.74,71.30884033732502,21.356175419850153,71.30884033732502,72.60231932534992,9.207921390050032,-9.20792139,3.05497613,-12.26289752,LOSS,STOP_LOSS,2026-07-26T11:58:53.052747+00:00,2026-07-26T11:58:53.053122+00:00,1829.32138049
ETHUSDT,SHORT,1716.56,1723.0077265199297,1.418578606610869,1723.0077265199297,1703.6645469601403,9.146606902450033,-9.1466069,4.87929719,-14.0259041,LOSS,STOP_LOSS,2026-07-26T11:58:53.075059+00:00,2026-07-26T11:58:53.075501+00:00,1815.29547639
SOLUSDT,LONG,71.89,71.29923705830907,15.363992460276162,71.29923705830907,73.07152588338187,9.076477381950033,-9.07647738,2.19995836,-11.27643574,LOSS,STOP_LOSS,2026-07-26T11:58:53.097466+00:00,2026-07-26T11:58:53.098012+00:00,1804.01904065
SOLUSDT,LONG,71.64,71.04616560103044,15.18958015719853,71.04616560103044,72.82766879793913,9.020095203250033,-9.0200952,2.16734295,-11.18743815,LOSS,STOP_LOSS,2026-07-26T11:58:53.119921+00:00,2026-07-26T11:58:53.120317+00:00,1792.8316025
SOLUSDT,LONG,71.63,72.7645015488212,15.80281317696599,71.0627492255894,72.7645015488212,8.964158012500034,17.92831603,2.28183933,15.64647669,WIN,TAKE_PROFIT,2026-07-26T11:58:53.142491+00:00,2026-07-26T11:58:53.143490+00:00,1808.47807919
SOLUSDT,LONG,73.35,72.84968542400783,18.07340987021682,72.84968542400783,74.35062915198431,9.042390395950035,-9.0423904,2.64232684,-11.68471723,LOSS,STOP_LOSS,2026-07-26T11:58:53.165408+00:00,2026-07-26T11:58:53.166182+00:00,1796.79336196
SOLUSDT,LONG,73.09,74.03136888721102,19.087027268166267,72.6193155563945,74.03136888721102,8.983966809800034,17.96793362,2.80810958,15.15982404,WIN,TAKE_PROFIT,2026-07-26T11:58:53.188237+00:00,2026-07-26T11:58:53.189855+00:00,1811.953186
SOLUSDT,LONG,74.01,73.58560304878667,21.347386931264303,73.58560304878667,74.85879390242668,9.059765930000035,-9.05976593,3.15078045,-12.21054638,LOSS,STOP_LOSS,2026-07-26T11:58:53.211891+00:00,2026-07-26T11:58:53.212377+00:00,1799.74263962
ETHUSDT,SHORT,1726.76,1733.2697136764295,1.3823516125882251,1733.2697136764295,1713.7405726471409,8.998713198100035,-8.9987132,4.78297765,-13.78169085,LOSS,STOP_LOSS,2026-07-26T11:58:53.234173+00:00,2026-07-26T11:58:53.235738+00:00,1785.96094877
SOLUSDT,LONG,74.27,73.748220223488,17.11412581672719,73.748220223488,75.31355955302398,8.929804743850035,-8.92980474,2.53320244,-11.46300719,LOSS,STOP_LOSS,2026-07-26T11:58:53.257685+00:00,2026-07-26T11:58:53.258318+00:00,1774.49794158
BTCUSDT,SHORT,63824.8,63427.13258231059,0.044622663629080864,64023.63370884471,63427.13258231059,8.872489707900035,17.74497942,5.67832018,12.06665923,WIN,TAKE_PROFIT,2026-07-26T11:58:53.280388+00:00,2026-07-26T11:58:53.281071+00:00,1786.56460081
BTCUSDT,SHORT,63295.1,63579.07520632869,0.031456348318347975,63579.07520632869,62727.14958734262,8.932823004050034,-8.932823,3.99099825,-12.92382125,LOSS,STOP_LOSS,2026-07-26T11:58:53.303052+00:00,2026-07-26T11:58:53.303466+00:00,1773.64077956
BTCUSDT,SHORT,63698.9,63996.07111089801,0.029842079437000377,63996.07111089801,63104.55777820398,8.868203897800035,-8.8682039,3.81068347,-12.67888737,LOSS,STOP_LOSS,2026-07-26T11:58:53.329823+00:00,2026-07-26T11:58:53.330171+00:00,1760.96189219
ETHUSDT,LONG,1726.19,1749.4362757501556,0.7575243067389961,1714.5668621249224,1749.4362757501556,8.804809460950034,17.60961892,2.63287139,14.97674754,WIN,TAKE_PROFIT,2026-07-26T11:58:53.352849+00:00,2026-07-26T11:58:53.353240+00:00,1775.93863973
ETHUSDT,LONG,1743.74,1728.9997762713026,0.6024123759643035,1728.9997762713026,1773.2204474573948,8.879693198650035,-8.8796932,2.09202142,-10.97171462,LOSS,STOP_LOSS,2026-07-26T11:58:53.381565+00:00,2026-07-26T11:58:53.382079+00:00,1764.96692511
ETHUSDT,LONG,1730.95,1757.098575952274,0.6749763078231881,1717.8757120238631,1757.098575952274,8.824834625550034,17.64966925,2.35435015,15.2953191,WIN,TAKE_PROFIT,2026-07-26T11:58:53.407286+00:00,2026-07-26T11:58:53.409009+00:00,1780.26224421
SOLUSDT,LONG,74.17,73.65965809848419,17.441858476859124,73.65965809848419,75.19068380303163,8.901311221050033,-8.90131122,2.57842398,-11.4797352,LOSS,STOP_LOSS,2026-07-26T11:58:53.433080+00:00,2026-07-26T11:58:53.433924+00:00,1768.78250901
SOLUSDT,SHORT,73.09,71.82676158717427,14.001968995333467,73.72161920641287,71.82676158717427,8.843912545050033,17.68782509,2.02912,15.65870509,WIN,TAKE_PROFIT,2026-07-26T11:58:53.457143+00:00,2026-07-26T11:58:53.458710+00:00,1784.4412141
BTCUSDT,SHORT,64007.0,63435.49912006047,0.031223770194174147,64292.750439969765,63435.49912006047,8.922206070500033,17.84441214,3.97923531,13.86517684,WIN,TAKE_PROFIT,2026-07-26T11:58:53.481680+00:00,2026-07-26T11:58:53.483251+00:00,1798.30639094
BTCUSDT,SHORT,63372.1,62874.65028929036,0.036150516368270366,63620.82485535482,62874.65028929036,8.991531954700033,17.98306391,4.56388521,13.4191787,WIN,TAKE_PROFIT,2026-07-26T11:58:53.508011+00:00,2026-07-26T11:58:53.508447+00:00,1811.72556964
BTCUSDT,SHORT,62740.0,63061.04745181104,0.028215853441913113,63061.04745181104,62097.905096377915,9.058627848200032,-9.05862785,3.54958392,-12.60821177,LOSS,STOP_LOSS,2026-07-26T11:58:53.531635+00:00,2026-07-26T11:58:53.532130+00:00,1799.11735787
BTCUSDT,SHORT,62966.3,62337.90151128826,0.02863019867470259,63280.49924435587,62337.90151128826,8.995586789350034,17.99117358,3.58748418,14.40368939,WIN,TAKE_PROFIT,2026-07-26T11:58:53.555159+00:00,2026-07-26T11:58:53.555622+00:00,1813.52104726
BTCUSDT,SHORT,61999.7,62374.792675396915,0.024174306327642316,62374.792675396915,61249.51464920616,9.067605236300032,-9.06760524,3.00666709,-12.07427232,LOSS,STOP_LOSS,2026-07-26T11:58:53.579103+00:00,2026-07-26T11:58:53.579470+00:00,1801.44677494
BTCUSDT,SHORT,62350.1,62745.01819858285,0.022807847060535808,62745.01819858285,61560.26360283429,9.007233874700033,-9.00723387,2.85315032,-11.8603842,LOSS,STOP_LOSS,2026-07-26T11:58:53.602472+00:00,2026-07-26T11:58:53.603770+00:00,1789.58639074
ETHUSDT,SHORT,1661.2,1672.766661157552,0.773596790968307,1672.766661157552,1638.066677684896,8.947931953700031,-8.94793195,2.57914591,-11.52707786,LOSS,STOP_LOSS,2026-07-26T11:58:53.632440+00:00,2026-07-26T11:58:53.632993+00:00,1778.05931288
ETHUSDT,SHORT,1658.55,1670.2915272564462,0.7571669656108087,1670.2915272564462,1635.0669454871074,8.890296564400032,-8.89029656,2.52048884,-11.4107854,LOSS,STOP_LOSS,2026-07-26T11:58:53.656177+00:00,2026-07-26T11:58:53.657294+00:00,1766.64852748
ETHUSDT,SHORT,1662.88,1670.9053842196993,1.1006628960789195,1670.9053842196993,1646.829231560602,8.833242637400033,-8.83324264,3.66937388,-12.50261651,LOSS,STOP_LOSS,2026-07-26T11:58:53.679768+00:00,2026-07-26T11:58:53.680284+00:00,1754.14591097
BTCUSDT,LONG,62925.0,62686.30694099308,0.03674480352022253,62686.30694099308,63402.386118013834,8.770729554850032,-8.77072955,4.61556279,-13.38629235,LOSS,STOP_LOSS,2026-07-26T11:58:53.702473+00:00,2026-07-26T11:58:53.703043+00:00,1740.75961862
BTCUSDT,SHORT,62598.0,62854.75751953713,0.03389890239160599,62854.75751953713,62084.48496092574,8.703798093100032,-8.70379809,4.25271078,-12.95650888,LOSS,STOP_LOSS,2026-07-26T11:58:53.726117+00:00,2026-07-26T11:58:53.726875+00:00,1727.80310974
BTCUSDT,LONG,62900.9,62653.16297122539,0.03487171696307025,62653.16297122539,63396.37405754921,8.639015548700032,-8.63901555,4.37828575,-13.0173013,LOSS,STOP_LOSS,2026-07-26T11:58:53.749258+00:00,2026-07-26T11:58:53.749808+00:00,1714.78580844
BTCUSDT,SHORT,62640.5,62863.43094402395,0.03846002213707382,62863.43094402395,62194.638111952096,8.573929042200032,-8.57392904,4.82688396,-13.400813,LOSS,STOP_LOSS,2026-07-26T11:58:53.772775+00:00,2026-07-26T11:58:53.773755+00:00,1701.38499544
BTCUSDT,SHORT,62589.5,62047.13129421445,0.031369527358253,62860.68435289277,62047.13129421445,8.506924977200033,17.01384995,3.90979222,13.10405774,WIN,TAKE_PROFIT,2026-07-26T11:58:53.801075+00:00,2026-07-26T11:58:53.801410+00:00,1714.48905318
SOLUSDT,SHORT,68.71,69.25089098967456,15.848748508563073,69.25089098967456,67.62821802065085,8.572445265900031,-8.57244527,2.18650747,-10.75895273,LOSS,STOP_LOSS,2026-07-26T11:58:53.824146+00:00,2026-07-26T11:58:53.824532+00:00,1703.73010045
SOLUSDT,SHORT,68.74,69.36411008803572,13.649275449241596,69.36411008803572,67.49177982392854,8.518650502250033,-8.5186505,1.88502104,-10.40367154,LOSS,STOP_LOSS,2026-07-26T11:58:53.853039+00:00,2026-07-26T11:58:53.853767+00:00,1693.32642891
SOLUSDT,SHORT,69.03,67.65172645645625,12.285851650001256,69.71913677177187,67.65172645645625,8.466632144550031,16.93326429,1.67925141,15.25401287,WIN,TAKE_PROFIT,2026-07-26T11:58:53.876674+00:00,2026-07-26T11:58:53.877052+00:00,1708.58044178
BTCUSDT,SHORT,60549.9,59627.28922913106,0.018518973501369693,61011.20538543447,59627.28922913106,8.542902208900031,17.08580442,2.22555818,14.86024623,WIN,TAKE_PROFIT,2026-07-26T11:58:53.899925+00:00,2026-07-26T11:58:53.900456+00:00,1723.44068801
BTCUSDT,SHORT,59808.2,60351.82697002015,0.01585131701565606,60351.82697002015,58720.946059959686,8.617203440050032,-8.61720344,1.90469468,-10.52189812,LOSS,STOP_LOSS,2026-07-26T11:58:53.923240+00:00,2026-07-26T11:58:53.924039+00:00,1712.91878989
BTCUSDT,SHORT,60786.9,61143.06111756752,0.024046965058801925,61143.06111756752,60074.57776486496,8.564593949450032,-8.56459395,2.93204551,-11.49663946,LOSS,STOP_LOSS,2026-07-26T11:58:53.946842+00:00,2026-07-26T11:58:53.947790+00:00,1701.42215043
SOLUSDT,SHORT,68.53,67.68604066213977,20.16000148471365,68.95197966893011,67.68604066213977,8.507110752150032,17.0142215,2.74611558,14.26810592,WIN,TAKE_PROFIT,2026-07-26T11:58:53.971135+00:00,2026-07-26T11:58:53.971963+00:00,1715.69025635
BTCUSDT,SHORT,60054.1,59199.200746670285,0.020068917473814948,60481.549626664855,59199.200746670285,8.57845128175003,17.15690256,2.39328465,14.76361791,WIN,TAKE_PROFIT,2026-07-26T11:58:53.995302+00:00,2026-07-26T11:58:53.995596+00:00,1730.45387426
BTCUSDT,SHORT,58248.4,58880.77465333165,0.013682188755851813,58880.77465333165,56983.6506933367,8.652269371300031,-8.65226937,1.60258348,-10.25485285,LOSS,STOP_LOSS,2026-07-26T11:58:54.018164+00:00,2026-07-26T11:58:54.018502+00:00,1720.19902141
SOLUSDT,SHORT,65.82,66.91825121338373,7.831537085718448,66.91825121338373,63.62349757323252,8.600995107050032,-8.60099511,1.03954454,-9.64053964,LOSS,STOP_LOSS,2026-07-26T11:58:54.044037+00:00,2026-07-26T11:58:54.044442+00:00,1710.55848177
BTCUSDT,SHORT,59459.9,60320.18098154871,0.009941859220754874,60320.18098154871,57739.3380369026,8.552792408850031,-8.55279241,1.1908367,-9.74362911,LOSS,STOP_LOSS,2026-07-26T11:58:54.067035+00:00,2026-07-26T11:58:54.069828+00:00,1700.81485266
ETHUSDT,SHORT,1561.9,1536.6155046492245,0.6726710693902895,1574.542247675388,1536.6155046492245,8.504074263300032,17.00814853,2.08428174,14.92386679,WIN,TAKE_PROFIT,2026-07-26T11:58:54.092496+00:00,2026-07-26T11:58:54.093303+00:00,1715.73871945
BTCUSDT,SHORT,59118.9,59573.01914587896,0.018890843240369753,59573.01914587896,58210.661708242085,8.57869359725003,-8.5786936,2.24219044,-10.82088404,LOSS,STOP_LOSS,2026-07-26T11:58:54.117500+00:00,2026-07-26T11:58:54.117740+00:00,1704.91783541
BTCUSDT,SHORT,59167.6,59646.78563545903,0.01778974273484623,59646.78563545903,58209.22872908193,8.52458917705003,-8.52458918,2.11367735,-10.63826653,LOSS,STOP_LOSS,2026-07-26T11:58:54.140625+00:00,2026-07-26T11:58:54.141063+00:00,1694.27956888
BTCUSDT,SHORT,59578.1,60218.61672426388,0.013225880798250699,60218.61672426388,58297.06655147225,8.47139784440003,-8.47139784,1.5844171,-10.05581494,LOSS,STOP_LOSS,2026-07-26T11:58:54.166143+00:00,2026-07-26T11:58:54.166682+00:00,1684.22375394
BTCUSDT,SHORT,59807.6,60326.83158285304,0.01621842554997954,60326.83158285304,58769.136834293924,8.421118769700032,-8.42111877,1.94839133,-10.3695101,LOSS,STOP_LOSS,2026-07-26T11:58:54.190162+00:00,2026-07-26T11:58:54.191808+00:00,1673.85424384
BTCUSDT,LONG,60275.4,60780.295616007395,0.03315248124110252,60022.9521919963,60780.295616007395,8.36927121920003,16.73854244,4.01329668,12.72524576,WIN,TAKE_PROFIT,2026-07-26T11:58:54.214843+00:00,2026-07-26T11:58:54.217080+00:00,1686.5794896
SOLUSDT,LONG,73.0,72.55515824822592,18.95707274411313,72.55515824822592,73.88968350354817,8.43289744800003,-8.43289745,2.75929972,-11.19219717,LOSS,STOP_LOSS,2026-07-26T11:58:54.240266+00:00,2026-07-26T11:58:54.240914+00:00,1675.38729243
ETHUSDT,SHORT,1580.56,1564.626872931954,1.051511913056922,1588.526563534023,1564.626872931954,8.37693646215003,16.75387292,3.30720147,13.44667146,WIN,TAKE_PROFIT,2026-07-26T11:58:54.264076+00:00,2026-07-26T11:58:54.264718+00:00,1688.83396389
BTCUSDT,SHORT,60105.2,60331.11521531544,0.03737760561040339,60331.11521531544,59653.36956936911,8.44416981945003,-8.44416982,4.50162109,-12.94579091,LOSS,STOP_LOSS,2026-07-26T11:58:54.287569+00:00,2026-07-26T11:58:54.289447+00:00,1675.88817298
SOLUSDT,LONG,71.7,71.23333531565301,17.956020984586292,71.23333531565301,72.63332936869399,8.379440864900031,-8.37944086,2.56651397,-10.94595483,LOSS,STOP_LOSS,2026-07-26T11:58:54.312391+00:00,2026-07-26T11:58:54.312850+00:00,1664.94221815
ETHUSDT,SHORT,1573.03,1580.142349190034,1.17045871459949,1580.142349190034,1558.8053016199317,8.324711090750032,-8.32471109,3.69065805,-12.01536915,LOSS,STOP_LOSS,2026-07-26T11:58:54.335880+00:00,2026-07-26T11:58:54.336289+00:00,1652.926849
BTCUSDT,SHORT,60100.9,60297.78610239575,0.041976727379100166,60297.78610239575,59707.1277952085,8.264634245000032,-8.26463425,5.05394282,-13.31857707,LOSS,STOP_LOSS,2026-07-26T11:58:54.359562+00:00,2026-07-26T11:58:54.359868+00:00,1639.60827193
SOLUSDT,LONG,71.83,71.33480116310069,16.555049706865507,71.33480116310069,72.82039767379861,8.198041359650032,-8.19804136,2.3701004,-10.56814176,LOSS,STOP_LOSS,2026-07-26T11:58:54.382910+00:00,2026-07-26T11:58:54.383476+00:00,1629.04013017
SOLUSDT,LONG,71.64,71.11841721263433,15.616314127213643,71.11841721263433,72.68316557473135,8.145200650850033,-8.14520065,2.22936029,-10.37456094,LOSS,STOP_LOSS,2026-07-26T11:58:54.406617+00:00,2026-07-26T11:58:54.407454+00:00,1618.66556923
BTCUSDT,SHORT,59589.9,59833.247261331984,0.03325834776956418,59833.247261331984,59103.20547733604,8.093327846150032,-8.09332785,3.97181656,-12.06514441,LOSS,STOP_LOSS,2026-07-26T11:58:54.430934+00:00,2026-07-26T11:58:54.432064+00:00,1606.60042482
BTCUSDT,SHORT,59606.7,59063.99321291442,0.029603470290978123,59878.05339354279,59063.99321291442,8.033002124100033,16.06600425,3.51306434,12.55293991,WIN,TAKE_PROFIT,2026-07-26T11:58:54.455256+00:00,2026-07-26T11:58:54.455671+00:00,1619.15336473
ETHUSDT,SHORT,1560.35,1571.2690136170695,0.7414375608978044,1571.2690136170695,1538.5119727658607,8.095766823650033,-8.09576682,2.32189996,-10.41766679,LOSS,STOP_LOSS,2026-07-26T11:58:54.478904+00:00,2026-07-26T11:58:54.479286+00:00,1608.73569794
SOLUSDT,LONG,71.39,70.58592998055117,10.003704024698962,70.58592998055117,72.99814003889766,8.043678489700033,-8.04367849,1.42028518,-9.46396367,LOSS,STOP_LOSS,2026-07-26T11:58:54.502992+00:00,2026-07-26T11:58:54.503308+00:00,1599.27173427
BTCUSDT,SHORT,59355.5,59772.81283995319,0.019161544783158197,59772.81283995319,58520.874320093615,7.996358671350032,-7.99635867,2.2826825,-10.27904117,LOSS,STOP_LOSS,2026-07-26T11:58:54.526405+00:00,2026-07-26T11:58:54.527015+00:00,1588.9926931
SOLUSDT,LONG,72.07,71.09953474984292,8.186757294209244,71.09953474984292,74.01093050031415,7.944963465500032,-7.94496347,1.17209423,-9.1170577,LOSS,STOP_LOSS,2026-07-26T11:58:54.550551+00:00,2026-07-26T11:58:54.551227+00:00,1579.8756354
BTCUSDT,SHORT,59504.8,59942.94622597927,0.01802909099432426,59942.94622597927,58628.50754804146,7.899378177000032,-7.89937818,2.15353429,-10.05291246,LOSS,STOP_LOSS,2026-07-26T11:58:54.574431+00:00,2026-07-26T11:58:54.574831+00:00,1569.82272294
SOLUSDT,LONG,72.29,73.98489173611351,9.262082583160813,71.44255413194325,73.98489173611351,7.849113614700031,15.69822723,1.35481013,14.3434171,WIN,TAKE_PROFIT,2026-07-26T11:58:54.598372+00:00,2026-07-26T11:58:54.599673+00:00,1584.16614004
SOLUSDT,LONG,73.94,73.07462977010938,9.153112074587092,73.07462977010938,75.67074045978123,7.920830700200031,-7.9208307,1.34564138,-9.26647208,LOSS,STOP_LOSS,2026-07-26T11:58:54.623441+00:00,2026-07-26T11:58:54.623824+00:00,1574.89966796
SOLUSDT,LONG,73.47,72.53435371899792,8.41610606453379,72.53435371899792,75.34129256200414,7.874498339800031,-7.87449834,1.22878813,-9.10328647,LOSS,STOP_LOSS,2026-07-26T11:58:54.647439+00:00,2026-07-26T11:58:54.647976+00:00,1565.79638149
BTCUSDT,SHORT,59070.2,59605.38211822934,0.014628631340210488,59605.38211822934,57999.835763541305,7.82898190745003,-7.82898191,1.73606134,-9.56504325,LOSS,STOP_LOSS,2026-07-26T11:58:54.671558+00:00,2026-07-26T11:58:54.671904+00:00,1556.23133824
BTCUSDT,SHORT,59289.2,59849.47820398346,0.013888023192545344,59849.47820398346,58168.64359203306,7.781156691200031,-7.78115669,1.65460073,-9.43575742,LOSS,STOP_LOSS,2026-07-26T11:58:54.695491+00:00,2026-07-26T11:58:54.695959+00:00,1546.79558082
SOLUSDT,LONG,73.99,76.38565022694894,6.45668371542693,72.79217488652553,76.38565022694894,7.733977904100031,15.46795581,0.97092801,14.4970278,WIN,TAKE_PROFIT,2026-07-26T11:58:54.719560+00:00,2026-07-26T11:58:54.720124+00:00,1561.29260862
SOLUSDT,LONG,75.89,74.61536856685952,6.1244865300914535,74.61536856685952,78.43926286628096,7.806463043100031,-7.80646304,0.9217681,-8.72823115,LOSS,STOP_LOSS,2026-07-26T11:58:54.743796+00:00,2026-07-26T11:58:54.745237+00:00,1552.56437747
BTCUSDT,SHORT,59806.1,59272.10528013383,0.029074526764218216,60073.09735993308,59272.10528013383,7.7628218873500305,15.52564377,3.46214247,12.06350131,WIN,TAKE_PROFIT,2026-07-26T11:58:54.769945+00:00,2026-07-26T11:58:54.771641+00:00,1564.62787878
BTCUSDT,SHORT,59250.2,58795.648688610614,0.034421369811860454,59477.47565569469,58795.648688610614,7.82313939390003,15.64627879,4.06329981,11.58297898,WIN,TAKE_PROFIT,2026-07-26T11:58:54.795316+00:00,2026-07-26T11:58:54.796181+00:00,1576.21085776
BTCUSDT,SHORT,58832.8,58359.17688456371,0.03327985493925967,59069.61155771815,58359.17688456371,7.881054288800031,15.76210858,3.90013199,11.86197659,WIN,TAKE_PROFIT,2026-07-26T11:58:54.819624+00:00,2026-07-26T11:58:54.819971+00:00,1588.07283435
BTCUSDT,SHORT,58374.8,58641.792873746774,0.02973998541729287,58641.792873746774,57840.81425250646,7.940364171750031,-7.94036417,3.48007177,-11.42043594,LOSS,STOP_LOSS,2026-07-26T11:58:54.843449+00:00,2026-07-26T11:58:54.843851+00:00,1576.65239841
ETHUSDT,SHORT,1559.12,1569.4946997905772,0.7598544681948244,1569.4946997905772,1538.3706004188455,7.883261992050031,-7.88326199,2.37729186,-10.26055385,LOSS,STOP_LOSS,2026-07-26T11:58:54.867636+00:00,2026-07-26T11:58:54.867992+00:00,1566.39184456
ETHUSDT,SHORT,1571.34,1582.8356084928955,0.6813001006114818,1582.8356084928955,1548.3487830142085,7.83195922280003,-7.83195922,2.14894016,-9.98089938,LOSS,STOP_LOSS,2026-07-26T11:58:54.891484+00:00,2026-07-26T11:58:54.893629+00:00,1556.41094518
SOLUSDT,LONG,74.17,75.59750930652334,10.902982825174078,73.45624534673834,75.59750930652334,7.78205472590003,15.56410945,1.63291258,13.93119687,WIN,TAKE_PROFIT,2026-07-26T11:58:54.917075+00:00,2026-07-26T11:58:54.917720+00:00,1570.34214205
SOLUSDT,LONG,75.44,74.66251932951873,10.09891436322108,74.66251932951873,76.99496134096253,7.85171071025003,-7.85171071,1.51587249,-9.3675832,LOSS,STOP_LOSS,2026-07-26T11:58:54.941282+00:00,2026-07-26T11:58:54.941983+00:00,1560.97455885
BTCUSDT,SHORT,58759.9,59079.13711073072,0.024448513446275154,59079.13711073072,58121.42577853856,7.804872794250031,-7.80487279,2.88098928,-10.68586208,LOSS,STOP_LOSS,2026-07-26T11:58:54.966017+00:00,2026-07-26T11:58:54.967558+00:00,1550.28869677
SOLUSDT,LONG,76.0,77.45874000819981,10.627587425144858,75.2706299959001,77.45874000819981,7.75144348385003,15.50288697,1.63089618,13.87199079,WIN,TAKE_PROFIT,2026-07-26T11:58:54.991541+00:00,2026-07-26T11:58:54.992060+00:00,1564.16068756
SOLUSDT,LONG,77.51,76.6089135904099,8.679304620028166,76.6089135904099,79.31217281918022,7.82080343780003,-7.82080344,1.337645,-9.15844844,LOSS,STOP_LOSS,2026-07-26T11:58:55.015851+00:00,2026-07-26T11:58:55.017076+00:00,1555.00223912
SOLUSDT,LONG,77.18,78.60205049301194,10.9349298548919,76.46897475349404,78.60205049301194,7.77501119560003,15.55002239,1.70346579,13.8465566,WIN,TAKE_PROFIT,2026-07-26T11:58:55.040590+00:00,2026-07-26T11:58:55.041020+00:00,1568.84879572
SOLUSDT,LONG,78.18,77.44510563136566,10.67397480970902,77.44510563136566,79.6497887372687,7.84424397860003,-7.84424398,1.66113846,-9.50538244,LOSS,STOP_LOSS,2026-07-26T11:58:55.064707+00:00,2026-07-26T11:58:55.065270+00:00,1559.34341328
SOLUSDT,LONG,77.64,76.94154461682199,11.162799019351157,76.94154461682199,79.03691076635602,7.79671706640003,-7.79671707,1.72556271,-9.52227978,LOSS,STOP_LOSS,2026-07-26T11:58:55.088693+00:00,2026-07-26T11:58:55.089222+00:00,1549.8211335
SOLUSDT,LONG,77.58,78.85702268392647,12.136206764430852,76.94148865803676,78.85702268392647,7.74910566750003,15.49821134,1.89855205,13.59965928,WIN,TAKE_PROFIT,2026-07-26T11:58:55.112713+00:00,2026-07-26T11:58:55.113468+00:00,1563.42079278
SOLUSDT,LONG,78.67,78.00607325386028,11.77404587079988,78.00607325386028,79.99785349227945,7.8171039639000295,-7.81710396,1.84471127,-9.66181524,LOSS,STOP_LOSS,2026-07-26T11:58:55.137101+00:00,2026-07-26T11:58:55.137642+00:00,1553.75897754
SOLUSDT,LONG,78.19,77.63140243191725,13.907677604764046,77.63140243191725,79.30719513616549,7.768794887700031,-7.76879489,2.16711383,-9.93590872,LOSS,STOP_LOSS,2026-07-26T11:58:55.161645+00:00,2026-07-26T11:58:55.162054+00:00,1543.82306882
SOLUSDT,LONG,78.1,79.23312376945555,13.624487548803224,77.53343811527222,79.23312376945555,7.71911534410003,15.43823069,2.14358319,13.2946475,WIN,TAKE_PROFIT,2026-07-26T11:58:55.185824+00:00,2026-07-26T11:58:55.186375+00:00,1557.11771632
SOLUSDT,LONG,79.44,80.68198496673924,12.53733143331133,78.81900751663038,80.68198496673924,7.785588581600031,15.57117716,2.0075024,13.56367477,WIN,TAKE_PROFIT,2026-07-26T11:58:55.209992+00:00,2026-07-26T11:58:55.210429+00:00,1570.68139109
SOLUSDT,LONG,80.21,81.65705939210135,10.854298031327726,79.48647030394932,81.65705939210135,7.853406955450031,15.70681391,1.7569533,13.94986061,WIN,TAKE_PROFIT,2026-07-26T11:58:55.235180+00:00,2026-07-26T11:58:55.235517+00:00,1584.6312517
SOLUSDT,LONG,82.07,81.18608919065018,8.9637508385355,81.18608919065018,83.83782161869964,7.923156258500032,-7.92315626,1.46338691,-9.38654316,LOSS,STOP_LOSS,2026-07-26T11:58:55.259526+00:00,2026-07-26T11:58:55.260089+00:00,1575.24470854
SOLUSDT,LONG,81.18,80.16121471356297,7.730994594793694,80.16121471356297,83.21757057287407,7.876223542700031,-7.87622354,1.24732806,-9.1235516,LOSS,STOP_LOSS,2026-07-26T11:58:55.283971+00:00,2026-07-26T11:58:55.284654+00:00,1566.12115694
ETHUSDT,LONG,1700.97,1738.688088820007,0.4152175271694264,1682.1109555899966,1738.688088820007,7.830605784700031,15.66121157,1.42820633,14.23300524,WIN,TAKE_PROFIT,2026-07-26T11:58:55.308406+00:00,2026-07-26T11:58:55.311752+00:00,1580.35416218
ETHUSDT,LONG,1733.4,1757.535478037764,0.6547846948410453,1721.332260981118,1757.535478037764,7.9017708109000315,15.80354162,2.28581112,13.5177305,WIN,TAKE_PROFIT,2026-07-26T11:58:55.337024+00:00,2026-07-26T11:58:55.339117+00:00,1593.87189268
SOLUSDT,LONG,82.53,81.95515151006084,13.863408537862613,81.95515151006084,83.67969697987833,7.969359463400032,-7.96935946,2.28032485,-10.24968432,LOSS,STOP_LOSS,2026-07-26T11:58:55.362939+00:00,2026-07-26T11:58:55.363985+00:00,1583.62220836
SOLUSDT,LONG,82.23,83.13060202293634,17.58404009794187,81.77969898853183,83.13060202293634,7.9181110418000324,15.83622208,2.90770746,12.92851463,WIN,TAKE_PROFIT,2026-07-26T11:58:55.388135+00:00,2026-07-26T11:58:55.388691+00:00,1596.55072299
ETHUSDT,LONG,1757.23,1772.4614806384195,1.0481914141445374,1749.6142596807904,1772.4614806384195,7.982753614950033,15.96550723,3.6997923,12.26571493,WIN,TAKE_PROFIT,2026-07-26T11:58:55.412682+00:00,2026-07-26T11:58:55.414290+00:00,1608.81643792
BTCUSDT,LONG,62631.0,62912.84306222518,0.057081995391982825,62490.07846888741,62912.84306222518,8.044082189600033,16.08816438,7.16629307,8.92187131,WIN,TAKE_PROFIT,2026-07-26T11:58:55.440802+00:00,2026-07-26T11:58:55.441399+00:00,1617.73830923
BTCUSDT,LONG,62804.0,63143.63663143926,0.04763144371013815,62634.18168428037,63143.63663143926,8.088691546150033,16.17738309,5.99906776,10.17831533,WIN,TAKE_PROFIT,2026-07-26T11:58:55.465534+00:00,2026-07-26T11:58:55.466248+00:00,1627.91662456
ETHUSDT,LONG,1790.88,1780.515524700746,0.7853347987028225,1780.515524700746,1811.608950598508,8.139583122800033,-8.13958312,2.80474119,-10.94432431,LOSS,STOP_LOSS,2026-07-26T11:58:55.490523+00:00,2026-07-26T11:58:55.491764+00:00,1616.97230025
SOLUSDT,SHORT,81.5,80.69572006754912,20.104595862818563,81.90213996622545,80.69572006754912,8.084861501250034,16.169723,3.2608794,12.9088436,WIN,TAKE_PROFIT,2026-07-26T11:58:55.515695+00:00,2026-07-26T11:58:55.516273+00:00,1629.88114385
BTCUSDT,LONG,62912.9,62727.37642466072,0.043926523647177834,62727.37642466072,63283.94715067857,8.149405719250034,-8.14940572,5.51894057,-13.66834629,LOSS,STOP_LOSS,2026-07-26T11:58:55.540555+00:00,2026-07-26T11:58:55.540923+00:00,1616.21279756
BTCUSDT,SHORT,62726.4,62882.607632333544,0.051732837039261334,62882.607632333544,62413.98473533292,8.081063987800032,-8.08106399,6.49811032,-14.57917431,LOSS,STOP_LOSS,2026-07-26T11:58:55.565390+00:00,2026-07-26T11:58:55.565651+00:00,1601.63362325
BTCUSDT,LONG,62895.1,62729.28576997599,0.04829602450338999,62729.28576997599,63226.728460048005,8.008168116250031,-8.00816812,6.06715841,-14.07532653,LOSS,STOP_LOSS,2026-07-26T11:58:55.589774+00:00,2026-07-26T11:58:55.590275+00:00,1587.55829672
BTCUSDT,SHORT,62709.7,62882.64922800738,0.04589665750494828,62882.64922800738,62363.80154398523,7.937791483600032,-7.93779148,5.76426904,-13.70206052,LOSS,STOP_LOSS,2026-07-26T11:58:55.614804+00:00,2026-07-26T11:58:55.616031+00:00,1573.8562362
SOLUSDT,LONG,81.27,80.81510341921766,17.299055463257936,80.81510341921766,82.17979316156467,7.869281181000032,-7.86928118,2.80391919,-10.67320037,LOSS,STOP_LOSS,2026-07-26T11:58:55.640819+00:00,2026-07-26T11:58:55.641804+00:00,1563.18303583
ETHUSDT,LONG,1779.46,1771.820204753266,1.0230529649981464,1771.820204753266,1794.739590493468,7.815915179150032,-7.81591518,3.63314774,-11.44906292,LOSS,STOP_LOSS,2026-07-26T11:58:55.675072+00:00,2026-07-26T11:58:55.675625+00:00,1551.73397291
BTCUSDT,LONG,62889.6,63217.218066981244,0.04736411478182716,62725.790966509376,63217.218066981244,7.758669864550033,15.51733973,5.97293781,9.54440192,WIN,TAKE_PROFIT,2026-07-26T11:58:55.699888+00:00,2026-07-26T11:58:55.700260+00:00,1561.27837483
ETHUSDT,LONG,1786.11,1803.7363642613466,0.8857631396247546,1777.2968178693266,1803.7363642613466,7.806391874150032,15.61278375,3.17975359,12.43303016,WIN,TAKE_PROFIT,2026-07-26T11:58:55.724581+00:00,2026-07-26T11:58:55.724940+00:00,1573.71140499
BTCUSDT,LONG,63698.4,63451.86080264667,0.031916048682810526,63451.86080264667,64191.47839470667,7.868557024950032,-7.86855702,4.05813391,-11.92669094,LOSS,STOP_LOSS,2026-07-26T11:58:55.750011+00:00,2026-07-26T11:58:55.750709+00:00,1561.78471405
BTCUSDT,LONG,63382.8,63077.442403498084,0.025573045045240737,63077.442403498084,63993.51519300384,7.808923570250032,-7.80892357,3.23397348,-11.04289705,LOSS,STOP_LOSS,2026-07-26T11:58:55.775435+00:00,2026-07-26T11:58:55.776837+00:00,1550.741817
ETHUSDT,SHORT,1766.9,1744.1309834585888,0.6810754492534105,1778.2845082707058,1744.1309834585888,7.7537090850000325,15.50741817,2.391277,13.11614117,WIN,TAKE_PROFIT,2026-07-26T11:58:55.801941+00:00,2026-07-26T11:58:55.803659+00:00,1563.85795817
SOLUSDT,SHORT,80.19,80.72064570667635,14.735424582675615,80.72064570667635,79.12870858664729,7.819289790850032,-7.81928979,2.37108668,-10.19037648,LOSS,STOP_LOSS,2026-07-26T11:58:55.831978+00:00,2026-07-26T11:58:55.832641+00:00,1553.66758169
SOLUSDT,SHORT,80.12,80.81595074456835,11.162194981583418,80.81595074456835,78.72809851086332,7.768337908450032,-7.76833791,1.79639846,-9.56473637,LOSS,STOP_LOSS,2026-07-26T11:58:55.858028+00:00,2026-07-26T11:58:55.858611+00:00,1544.10284532
SOLUSDT,LONG,81.45,82.97362761266096,10.134384757068643,80.68818619366952,82.97362761266096,7.720514226600033,15.44102845,1.66633231,13.77469615,WIN,TAKE_PROFIT,2026-07-26T11:58:55.883994+00:00,2026-07-26T11:58:55.885183+00:00,1557.87754147
BTCUSDT,LONG,64287.5,63880.51002685351,0.019139016244378967,63880.51002685351,65101.47994629298,7.789387707350032,-7.78938771,2.45300963,-10.24239733,LOSS,STOP_LOSS,2026-07-26T11:58:55.912930+00:00,2026-07-26T11:58:55.913938+00:00,1547.63514414
SOLUSDT,LONG,81.5,81.02497518261792,16.290045146158967,81.02497518261792,82.45004963476417,7.738175720700033,-7.73817572,2.64753918,-10.3857149,LOSS,STOP_LOSS,2026-07-26T11:58:55.939774+00:00,2026-07-26T11:58:55.940742+00:00,1537.24942924
BTCUSDT,SHORT,63127.3,63355.289774858786,0.03371312222647233,63355.289774858786,62671.32045028244,7.686247146200032,-7.68624715,4.26412301,-11.95037015,LOSS,STOP_LOSS,2026-07-26T11:58:55.966293+00:00,2026-07-26T11:58:55.966791+00:00,1525.29905909
BTCUSDT,LONG,63377.7,63832.421089915995,0.03354361811922534,63150.339455042,63832.421089915995,7.626495295450033,15.25299059,4.26708772,10.98590287,WIN,TAKE_PROFIT,2026-07-26T11:58:55.993285+00:00,2026-07-26T11:58:55.993688+00:00,1536.28496196
ETHUSDT,LONG,1790.39,1781.016996240034,0.8195264833466595,1781.016996240034,1809.1360075199323,7.681424809800032,-7.68142481,2.92686262,-10.60828743,LOSS,STOP_LOSS,2026-07-26T11:58:56.019439+00:00,2026-07-26T11:58:56.019871+00:00,1525.67667453
ETHUSDT,LONG,1781.31,1771.9730596717764,0.8170110447842358,1771.9730596717764,1799.9838806564471,7.628383372650032,-7.62838337,2.9030715,-10.53145488,LOSS,STOP_LOSS,2026-07-26T11:58:56.045018+00:00,2026-07-26T11:58:56.045461+00:00,1515.14521965
BTCUSDT,SHORT,63093.9,63377.826229172446,0.026682022722349024,63377.826229172446,62526.04754165511,7.5757260982500325,-7.5757261,3.37452147,-10.95024757,LOSS,STOP_LOSS,2026-07-26T11:58:56.070804+00:00,2026-07-26T11:58:56.071141+00:00,1504.19497208
BTCUSDT,SHORT,63033.2,63348.43741188848,0.023858129069593354,63348.43741188848,62402.72517622303,7.520974860400032,-7.52097486,3.01522942,-10.53620428,LOSS,STOP_LOSS,2026-07-26T11:58:56.097514+00:00,2026-07-26T11:58:56.098026+00:00,1493.6587678
BTCUSDT,LONG,63536.5,63113.08790293245,0.01763835726641639,63113.08790293245,64383.3241941351,7.468293839000032,-7.46829384,2.23389068,-9.70218452,LOSS,STOP_LOSS,2026-07-26T11:58:56.124441+00:00,2026-07-26T11:58:56.126492+00:00,1483.95658328
BTCUSDT,SHORT,63117.4,62447.04909339403,0.02213701165548311,63452.57545330299,62447.04909339403,7.419782916400033,14.83956583,2.77962167,12.05994416,WIN,TAKE_PROFIT,2026-07-26T11:58:56.152460+00:00,2026-07-26T11:58:56.153576+00:00,1496.01652744
ETHUSDT,SHORT,1750.3,1730.7984500857763,0.7671269894034783,1760.0507749571118,1730.7984500857763,7.480082637200033,14.96016527,2.67044457,12.2897207,WIN,TAKE_PROFIT,2026-07-26T11:58:56.179567+00:00,2026-07-26T11:58:56.180120+00:00,1508.30624814
BTCUSDT,SHORT,61923.0,62229.35819202451,0.02461671153907497,62229.35819202451,61310.28361595097,7.541531240700033,-7.54153124,3.05622279,-10.59775403,LOSS,STOP_LOSS,2026-07-26T11:58:56.205690+00:00,2026-07-26T11:58:56.206555+00:00,1497.70849411
BTCUSDT,SHORT,61977.5,62250.20966430311,0.027459761976849573,62250.20966430311,61432.08067139377,7.4885424705500325,-7.48854247,3.41126334,-10.89980581,LOSS,STOP_LOSS,2026-07-26T11:58:56.232081+00:00,2026-07-26T11:58:56.232611+00:00,1486.8086883
SOLUSDT,LONG,77.69,78.4906007198979,18.571163519433586,77.28969964005105,78.4906007198979,7.434043441500032,14.86808688,2.90045547,11.96763141,WIN,TAKE_PROFIT,2026-07-26T11:58:56.259191+00:00,2026-07-26T11:58:56.259634+00:00,1498.77631971
ETHUSDT,LONG,1747.03,1737.864517110827,0.8176199431240435,1737.864517110827,1765.360965778346,7.493881598550032,-7.4938816,2.84931926,-10.34320086,LOSS,STOP_LOSS,2026-07-26T11:58:56.285587+00:00,2026-07-26T11:58:56.285930+00:00,1488.43311885
BTCUSDT,SHORT,61882.2,62185.526626931394,0.02453515429732834,62185.526626931394,61275.546746137195,7.4421655942500315,-7.44216559,3.04402082,-10.48618641,LOSS,STOP_LOSS,2026-07-26T11:58:56.312660+00:00,2026-07-26T11:58:56.313469+00:00,1477.94693244
SOLUSDT,LONG,78.12,77.57348398746566,13.521533665467434,77.57348398746566,79.21303202506867,7.3897346622000315,-7.38973466,2.10521469,-9.49494935,LOSS,STOP_LOSS,2026-07-26T11:58:56.339375+00:00,2026-07-26T11:58:56.340953+00:00,1468.45198309
SOLUSDT,SHORT,77.65,78.09373996689689,16.54631194660025,78.09373996689689,76.76252006620622,7.342259915450032,-7.34225992,2.57698451,-9.91924442,LOSS,STOP_LOSS,2026-07-26T11:58:56.367033+00:00,2026-07-26T11:58:56.367666+00:00,1458.53273867
SOLUSDT,SHORT,77.59,78.0788906629135,14.916757971793118,78.0788906629135,76.61221867417302,7.292663693350031,-7.29266369,2.32207517,-9.61473886,LOSS,STOP_LOSS,2026-07-26T11:58:56.394932+00:00,2026-07-26T11:58:56.395482+00:00,1448.91799981
BTCUSDT,LONG,62999.9,62638.979351231734,0.020072528473430384,62638.979351231734,63721.74129753654,7.2445899990500315,-7.24459,2.52188998,-9.76647998,LOSS,STOP_LOSS,2026-07-26T11:58:56.421688+00:00,2026-07-26T11:58:56.422098+00:00,1439.15151983
BTCUSDT,LONG,62852.9,63591.89836369222,0.019474353267030932,62483.400818153896,63591.89836369222,7.195757599150031,14.3915152,2.46243067,11.92908453,WIN,TAKE_PROFIT,2026-07-26T11:58:56.448111+00:00,2026-07-26T11:58:56.450244+00:00,1451.08060436
BTCUSDT,LONG,63726.6,64314.690396837956,0.024674448216841786,63432.55480158102,64314.690396837956,7.255403021800031,14.51080604,3.15934819,11.35145785,WIN,TAKE_PROFIT,2026-07-26T11:58:56.476036+00:00,2026-07-26T11:58:56.477486+00:00,1462.43206221
ETHUSDT,LONG,1785.2,1801.4304431130658,0.9010425975571277,1777.084778443467,1801.4304431130658,7.3121603110500315,14.62432062,3.23170681,11.39261381,WIN,TAKE_PROFIT,2026-07-26T11:58:56.503440+00:00,2026-07-26T11:58:56.504076+00:00,1473.82467602
BTCUSDT,LONG,64405.8,64173.3866791976,0.0317069751194048,64173.3866791976,64870.62664160481,7.3691233801000315,-7.36912338,4.07685707,-11.44598045,LOSS,STOP_LOSS,2026-07-26T11:58:56.529793+00:00,2026-07-26T11:58:56.530692+00:00,1462.37869557
ETHUSDT,LONG,1794.78,1810.8528907234288,0.9098417457902268,1786.7435546382856,1810.8528907234288,7.311893477850032,14.62378696,3.28055532,11.34323163,WIN,TAKE_PROFIT,2026-07-26T11:58:56.556257+00:00,2026-07-26T11:58:56.556651+00:00,1473.7219272
BTCUSDT,LONG,64453.7,64202.09056910424,0.029285903989238856,64202.09056910424,64956.9188617915,7.3686096360000315,-7.36860964,3.76780113,-11.13641077,LOSS,STOP_LOSS,2026-07-26T11:58:56.582854+00:00,2026-07-26T11:58:56.583168+00:00,1462.58551643
SOLUSDT,SHORT,77.89,78.47166339658497,12.57243901728252,78.47166339658497,76.72667320683004,7.3129275821500315,-7.31292758,1.96584748,-9.27877506,LOSS,STOP_LOSS,2026-07-26T11:58:56.608905+00:00,2026-07-26T11:58:56.612984+00:00,1453.30674137
BTCUSDT,LONG,64358.9,64260.80219838137,0.07407437870116149,64260.80219838137,64555.09560323727,7.266533706850031,-7.26653371,9.52742453,-16.79395824,LOSS,STOP_LOSS,2026-07-26T11:58:56.639008+00:00,2026-07-26T11:58:56.639572+00:00,1436.51278313
ETHUSDT,LONG,1811.35,1828.52418032281,0.8364374637560353,1802.7629098385949,1828.52418032281,7.182563915650031,14.36512783,3.04452713,11.3206007,WIN,TAKE_PROFIT,2026-07-26T11:58:56.665509+00:00,2026-07-26T11:58:56.666145+00:00,1447.83338383
ETHUSDT,LONG,1825.67,1816.6764572334687,0.8049293929073139,1816.6764572334687,1843.6570855330629,7.239166919150032,-7.23916692,2.93183172,-10.17099864,LOSS,STOP_LOSS,2026-07-26T11:58:56.692190+00:00,2026-07-26T11:58:56.693264+00:00,1437.66238519
SOLUSDT,SHORT,77.84,77.24957511496406,24.349623832377787,78.13521244251797,77.24957511496406,7.188311925950031,14.37662385,3.77637281,10.60025104,WIN,TAKE_PROFIT,2026-07-26T11:58:56.719580+00:00,2026-07-26T11:58:56.720185+00:00,1448.26263623
SOLUSDT,SHORT,76.95,76.17641935933126,18.721547051358648,77.33679032033437,76.17641935933126,7.241313181150032,14.48262636,2.86676346,11.6158629,WIN,TAKE_PROFIT,2026-07-26T11:58:56.747321+00:00,2026-07-26T11:58:56.747870+00:00,1459.87849913
SOLUSDT,SHORT,76.0,76.46781814014977,15.60305569449089,76.46781814014977,75.06436371970045,7.299392495650031,-7.2993925,2.37896386,-9.67835635,LOSS,STOP_LOSS,2026-07-26T11:58:56.773426+00:00,2026-07-26T11:58:56.773767+00:00,1450.20014278
SOLUSDT,SHORT,76.58,77.07347902839251,14.693634980841832,77.07347902839251,75.59304194321497,7.251000713900031,-7.25100071,2.25772813,-9.50872885,LOSS,STOP_LOSS,2026-07-26T11:58:56.799286+00:00,2026-07-26T11:58:56.801210+00:00,1440.69141393
BTCUSDT,LONG,63993.8,63852.48746290863,0.050975357303169405,63852.48746290863,64276.42507418275,7.203457069650032,-7.20345707,6.51701018,-13.72046725,LOSS,STOP_LOSS,2026-07-26T11:58:56.831311+00:00,2026-07-26T11:58:56.833205+00:00,1426.97094668
SOLUSDT,SHORT,76.56,76.92645856439563,19.469744813215158,76.92645856439563,75.82708287120875,7.134854733400032,-7.13485473,2.98834218,-10.12319691,LOSS,STOP_LOSS,2026-07-26T11:58:56.859294+00:00,2026-07-26T11:58:56.859835+00:00,1416.84774977
ETHUSDT,LONG,1839.54,1827.7074748114248,0.5987089514662691,1827.7074748114248,1863.2050503771502,7.084238748850032,-7.08423875,2.19561389,-9.27985264,LOSS,STOP_LOSS,2026-07-26T11:58:56.885040+00:00,2026-07-26T11:58:56.885503+00:00,1407.56789713
SOLUSDT,SHORT,77.13,76.00676516411154,12.531376807029442,77.69161741794422,76.00676516411154,7.037839485650032,14.07567897,1.91901451,12.15666446,WIN,TAKE_PROFIT,2026-07-26T11:58:56.911216+00:00,2026-07-26T11:58:56.911911+00:00,1419.72456159
SOLUSDT,SHORT,75.89,76.51657051333555,11.329327915800627,76.51657051333555,74.63685897332888,7.098622807950033,-7.09862281,1.72666401,-8.82528682,LOSS,STOP_LOSS,2026-07-26T11:58:56.938141+00:00,2026-07-26T11:58:56.938984+00:00,1410.89927477
SOLUSDT,SHORT,76.27,76.84576242882525,12.252443057535965,76.84576242882525,75.11847514234948,7.054496373850032,-7.05449637,1.87604216,-8.93053853,LOSS,STOP_LOSS,2026-07-26T11:58:56.966142+00:00,2026-07-26T11:58:56.966930+00:00,1401.96873624
SOLUSDT,SHORT,76.22,75.41801424730208,17.48121748452152,76.62099287634896,75.41801424730208,7.009843681200033,14.01968736,2.65081711,11.36887026,WIN,TAKE_PROFIT,2026-07-26T11:58:56.996027+00:00,2026-07-26T11:58:56.996872+00:00,1413.3376065
SOLUSDT,SHORT,75.31,75.7360164491377,16.587829054028255,75.7360164491377,74.45796710172463,7.066688032500033,-7.06668803,2.5055255,-9.57221353,LOSS,STOP_LOSS,2026-07-26T11:58:57.026461+00:00,2026-07-26T11:58:57.026797+00:00,1403.76539297
SOLUSDT,SHORT,75.78,76.23342744849117,15.479492889559255,76.23342744849117,74.87314510301766,7.0188269648500325,-7.01882696,2.35309077,-9.37191773,LOSS,STOP_LOSS,2026-07-26T11:58:57.052295+00:00,2026-07-26T11:58:57.052771+00:00,1394.39347524
SOLUSDT,SHORT,75.8,74.76404178445412,13.459939351948334,76.31797910777293,74.76404178445412,6.971967376200033,13.94393475,2.02658287,11.91735188,WIN,TAKE_PROFIT,2026-07-26T11:58:57.078392+00:00,2026-07-26T11:58:57.078991+00:00,1406.31082712
SOLUSDT,SHORT,75.06,75.58675732664233,13.34875431239067,75.58675732664233,74.00648534671537,7.031554135600033,-7.03155414,2.01094655,-9.04250069,LOSS,STOP_LOSS,2026-07-26T11:58:57.104689+00:00,2026-07-26T11:58:57.108020+00:00,1397.26832643
ETHUSDT,LONG,1800.61,1817.9870349995108,0.8040890327201042,1791.9214825002446,1817.9870349995108,6.986341632150033,13.97268326,2.90967419,11.06300907,WIN,TAKE_PROFIT,2026-07-26T11:58:57.133552+00:00,2026-07-26T11:58:57.133811+00:00,1408.3313355
ETHUSDT,LONG,1824.69,1847.6808182138316,0.612562511869517,1813.1945908930843,1847.6808182138316,7.041656677500033,14.08331336,2.24955669,11.83375666,WIN,TAKE_PROFIT,2026-07-26T11:58:57.159587+00:00,2026-07-26T11:58:57.159883+00:00,1420.16509216
ETHUSDT,LONG,1860.7,1891.104331198558,0.46709302134801445,1845.497834400721,1891.104331198558,7.100825460800033,14.20165092,1.75244162,12.4492093,WIN,TAKE_PROFIT,2026-07-26T11:58:57.185960+00:00,2026-07-26T11:58:57.187890+00:00,1432.61430146
BTCUSDT,LONG,64893.1,64609.41832554912,0.025250385035147573,64609.41832554912,65460.46334890175,7.163071507300033,-7.16307151,3.26998845,-10.43305996,LOSS,STOP_LOSS,2026-07-26T11:58:57.213818+00:00,2026-07-26T11:58:57.214763+00:00,1422.1812415
BTCUSDT,LONG,64674.5,65092.36227004294,0.0340346890221474,64465.56886497853,65092.36227004294,7.110906207500033,14.22181242,4.4165748,9.80523761,WIN,TAKE_PROFIT,2026-07-26T11:58:57.240933+00:00,2026-07-26T11:58:57.241750+00:00,1431.98647911
BTCUSDT,LONG,65014.9,64777.388806385425,0.030145662975231455,64777.388806385425,65489.92238722916,7.159932395550032,-7.1599324,3.9126746,-11.07260699,LOSS,STOP_LOSS,2026-07-26T11:58:57.267602+00:00,2026-07-26T11:58:57.267970+00:00,1420.91387212
BTCUSDT,LONG,64842.1,64596.67555244457,0.028948091485447892,64596.67555244457,65332.94889511085,7.104569360600033,-7.10456936,3.74700552,-10.85157488,LOSS,STOP_LOSS,2026-07-26T11:58:57.294179+00:00,2026-07-26T11:58:57.294487+00:00,1410.06229724
ETHUSDT,LONG,1876.96,1894.4586281670142,0.8058130521900291,1868.210685916493,1894.4586281670142,7.050311486200033,14.10062297,3.03905836,11.06156462,WIN,TAKE_PROFIT,2026-07-26T11:58:57.322837+00:00,2026-07-26T11:58:57.323832+00:00,1421.12386186
BTCUSDT,LONG,64767.2,65212.06523700445,0.031945041860975784,64544.767381497775,65212.06523700445,7.105619309300032,14.21123862,4.15219307,10.05904555,WIN,TAKE_PROFIT,2026-07-26T11:58:57.349829+00:00,2026-07-26T11:58:57.350079+00:00,1431.18290741
BTCUSDT,LONG,65133.7,64875.769711390785,0.027743599154777702,64875.769711390785,65649.56057721842,7.155914537050032,-7.15591454,3.60693061,-10.76284515,LOSS,STOP_LOSS,2026-07-26T11:58:57.376251+00:00,2026-07-26T11:58:57.376717+00:00,1420.42006226
BTCUSDT,LONG,65090.2,64774.81092193441,0.022518536009110215,64774.81092193441,65720.97815613117,7.102100311300032,-7.10210031,2.92436992,-10.02647024,LOSS,STOP_LOSS,2026-07-26T11:58:57.402449+00:00,2026-07-26T11:58:57.403193+00:00,1410.39359202
ETHUSDT,LONG,1918.82,1903.1526120649546,0.45010489236217344,1903.1526120649546,1950.1547758700908,7.051967960100033,-7.05196796,1.72028857,-8.77225653,LOSS,STOP_LOSS,2026-07-26T11:58:57.428977+00:00,2026-07-26T11:58:57.431744+00:00,1401.62133549
SOLUSDT,SHORT,75.74,76.21437844022182,14.773240272413961,76.21437844022182,74.79124311955634,7.008106677450033,-7.00810668,2.24485854,-9.25296522,LOSS,STOP_LOSS,2026-07-26T11:58:57.457773+00:00,2026-07-26T11:58:57.458086+00:00,1392.36837027
SOLUSDT,SHORT,76.23,76.74335140877741,13.561552052482359,76.74335140877741,75.20329718244518,6.961841851350032,-6.96184185,2.07455607,-9.03639792,LOSS,STOP_LOSS,2026-07-26T11:58:57.484449+00:00,2026-07-26T11:58:57.485677+00:00,1383.33197235
ETHUSDT,SHORT,1882.85,1857.8270195918947,0.5528246235216383,1895.3614902040524,1857.8270195918947,6.916659861750032,13.83331972,2.06793837,11.76538136,WIN,TAKE_PROFIT,2026-07-26T11:58:57.511610+00:00,2026-07-26T11:58:57.513226+00:00,1395.09735371
SOLUSDT,SHORT,75.12,75.53708386726909,16.72442239068822,75.53708386726909,74.28583226546182,6.975486768550033,-6.97548677,2.51965271,-9.49513948,LOSS,STOP_LOSS,2026-07-26T11:58:57.539471+00:00,2026-07-26T11:58:57.540028+00:00,1385.60221423
BTCUSDT,SHORT,63949.9,63510.07344403212,0.03150337776173718,64169.81327798394,63510.07344403212,6.928011071150032,13.85602214,4.01541969,9.84060245,WIN,TAKE_PROFIT,2026-07-26T11:58:57.566305+00:00,2026-07-26T11:58:57.566722+00:00,1395.44281668
SOLUSDT,SHORT,75.06,74.20932205907913,16.40389093867203,75.48533897046043,74.20932205907913,6.977214083400032,13.95442817,2.44859768,11.50583049,WIN,TAKE_PROFIT,2026-07-26T11:58:57.593303+00:00,2026-07-26T11:58:57.594800+00:00,1406.94864717
SOLUSDT,SHORT,74.43,74.8137052431597,18.333716729854785,74.8137052431597,73.6625895136806,7.034743235850033,-7.03474324,2.73619182,-9.77093505,LOSS,STOP_LOSS,2026-07-26T11:58:57.620961+00:00,2026-07-26T11:58:57.621657+00:00,1397.17771212
SOLUSDT,SHORT,74.65,74.96125701204377,22.444116245701494,74.96125701204377,74.02748597591247,6.985888560600033,-6.98588856,3.35789244,-10.343781,LOSS,STOP_LOSS,2026-07-26T11:58:57.648052+00:00,2026-07-26T11:58:57.648459+00:00,1386.83393112
SOLUSDT,SHORT,74.65,74.03254078920335,22.46033271300146,74.95872960539833,74.03254078920335,6.934169655600033,13.86833931,3.33945933,10.52887998,WIN,TAKE_PROFIT,2026-07-26T11:58:57.674858+00:00,2026-07-26T11:58:57.675292+00:00,1397.3628111
SOLUSDT,SHORT,73.69,74.06932036807011,18.4192957816822,74.06932036807011,72.93135926385976,6.986814055500033,-6.98681406,2.72162263,-9.70843668,LOSS,STOP_LOSS,2026-07-26T11:58:57.701721+00:00,2026-07-26T11:58:57.702129+00:00,1387.65437442
SOLUSDT,SHORT,74.29,74.78533230635935,14.007307383392344,74.78533230635935,73.29933538728132,6.938271872100033,-6.93827187,2.088144,-9.02641587,LOSS,STOP_LOSS,2026-07-26T11:58:57.728378+00:00,2026-07-26T11:58:57.728680+00:00,1378.62795855
SOLUSDT,SHORT,74.38,74.9131049843555,12.930173221103079,74.9131049843555,73.313790031289,6.893139792750033,-6.89313979,1.93038571,-8.8235255,LOSS,STOP_LOSS,2026-07-26T11:58:57.755143+00:00,2026-07-26T11:58:57.755704+00:00,1369.80443305
BTCUSDT,LONG,63553.7,64254.32636645787,0.01955114021722123,63203.38681677106,64254.32636645787,6.849022165250034,13.69804433,2.49879264,11.19925169,WIN,TAKE_PROFIT,2026-07-26T11:58:57.781991+00:00,2026-07-26T11:58:57.782750+00:00,1381.00368474
BTCUSDT,LONG,64220.1,63868.65543440499,0.01964753221325106,63868.65543440499,64922.98913119002,6.905018423700033,-6.90501842,2.51662795,-9.42164637,LOSS,STOP_LOSS,2026-07-26T11:58:57.809127+00:00,2026-07-26T11:58:57.810304+00:00,1371.58203837
SOLUSDT,SHORT,74.87,75.17980102828855,22.136499125698563,75.17980102828855,74.2503979434229,6.857910191850034,-6.85791019,3.32157729,-10.17948748,LOSS,STOP_LOSS,2026-07-26T11:58:57.837107+00:00,2026-07-26T11:58:57.837553+00:00,1361.40255089
SOLUSDT,LONG,75.15,74.85898500184952,23.390590855148698,74.85898500184952,75.732029996301,6.807012754450033,-6.80701275,3.50879879,-10.31581155,LOSS,STOP_LOSS,2026-07-26T11:58:57.864140+00:00,2026-07-26T11:58:57.865462+00:00,1351.08673934
SOLUSDT,SHORT,74.9,75.11664437465974,31.18213296472721,75.11664437465974,74.46671125068053,6.755433696700034,-6.7554337,4.67783895,-11.43327265,LOSS,STOP_LOSS,2026-07-26T11:58:57.892268+00:00,2026-07-26T11:58:57.894302+00:00,1339.65346669
SOLUSDT,SHORT,74.7,74.90838437533846,32.143807915399776,74.90838437533846,74.28323124932308,6.698267333450034,-6.69826733,4.80898317,-11.5072505,LOSS,STOP_LOSS,2026-07-26T11:58:57.920930+00:00,2026-07-26T11:58:57.921211+00:00,1328.14621619
SOLUSDT,SHORT,74.64,74.87922575532748,27.759264765867353,74.87922575532748,74.16154848934505,6.640731080950034,-6.64073108,4.15054378,-10.79127486,LOSS,STOP_LOSS,2026-07-26T11:58:57.948446+00:00,2026-07-26T11:58:57.948882+00:00,1317.35494133
BTCUSDT,LONG,64150.5,64045.86577551554,0.06295048048670014,64045.86577551554,64359.76844896892,6.586774706650034,-6.58677471,8.07002282,-14.65679753,LOSS,STOP_LOSS,2026-07-26T11:58:57.976005+00:00,2026-07-26T11:58:57.976505+00:00,1302.6981438
SOLUSDT,SHORT,74.81,75.04055410916271,28.25146228212853,75.04055410916271,74.34889178167458,6.513490719000035,-6.51349072,4.23349728,-10.746988,LOSS,STOP_LOSS,2026-07-26T11:58:58.003710+00:00,2026-07-26T11:58:58.004130+00:00,1291.9511558
BTCUSDT,LONG,64117.0,64326.66836197087,0.061618793777742153,64012.16581901457,64326.66836197087,6.459755779000034,12.91951156,7.91454391,5.00496765,WIN,TAKE_PROFIT,2026-07-26T11:58:58.031303+00:00,2026-07-26T11:58:58.031758+00:00,1296.95612345
BTCUSDT,LONG,64267.2,64518.22519487323,0.051666372537026814,64141.68740256338,64518.22519487323,6.484780617250034,12.96956123,6.65387576,6.31568548,WIN,TAKE_PROFIT,2026-07-26T11:58:58.059126+00:00,2026-07-26T11:58:58.059623+00:00,1303.27180893
BTCUSDT,LONG,64543.0,64833.38215042624,0.04488126446536066,64397.808924786885,64833.38215042624,6.5163590446500335,13.03271809,5.80657562,7.22614247,WIN,TAKE_PROFIT,2026-07-26T11:58:58.086409+00:00,2026-07-26T11:58:58.087461+00:00,1310.4979514
ETHUSDT,LONG,1862.11,1875.2229930408132,0.9993888865197854,1855.5535034795932,1875.2229930408132,6.552489757000034,13.10497951,3.73504906,9.36993046,WIN,TAKE_PROFIT,2026-07-26T11:58:58.114509+00:00,2026-07-26T11:58:58.115602+00:00,1319.86788186
BTCUSDT,LONG,64812.5,64677.337063377185,0.04882506679857261,64677.337063377185,65082.82587324562,6.5993394093000335,-6.59933941,6.32234994,-12.92168935,LOSS,STOP_LOSS,2026-07-26T11:58:58.142321+00:00,2026-07-26T11:58:58.143027+00:00,1306.94619251
ETHUSDT,LONG,1864.62,1878.026076317183,0.9748909088596253,1857.9169618414085,1878.026076317183,6.534730962550034,13.06946193,3.64867163,9.42079029,WIN,TAKE_PROFIT,2026-07-26T11:58:58.170433+00:00,2026-07-26T11:58:58.172036+00:00,1316.3669828
ETHUSDT,LONG,1871.65,1865.8905487408047,1.1427885431778815,1865.8905487408047,1883.1689025183912,6.581834914000034,-6.58183491,4.27121852,-10.85305343,LOSS,STOP_LOSS,2026-07-26T11:58:58.198897+00:00,2026-07-26T11:58:58.199395+00:00,1305.51392937
ETHUSDT,LONG,1870.25,1862.9101697560657,0.889335233910128,1862.9101697560657,1884.929660487869,6.527569646850034,-6.52756965,3.32003087,-9.84760052,LOSS,STOP_LOSS,2026-07-26T11:58:58.226237+00:00,2026-07-26T11:58:58.227423+00:00,1295.66632885
BTCUSDT,LONG,64670.9,64495.34814787285,0.03690266759223862,64495.34814787285,65022.003704254304,6.478331644250034,-6.47833164,4.76657912,-11.24491076,LOSS,STOP_LOSS,2026-07-26T11:58:58.254675+00:00,2026-07-26T11:58:58.255103+00:00,1284.42141809
BTCUSDT,SHORT,64447.9,64638.82625985536,0.033636583544428236,64638.82625985536,64066.04748028928,6.422107090450034,-6.42210709,4.34203645,-10.76414354,LOSS,STOP_LOSS,2026-07-26T11:58:58.283159+00:00,2026-07-26T11:58:58.284092+00:00,1273.65727455
BTCUSDT,LONG,64633.5,64983.56440317259,0.036383512948103325,64458.4677984137,64983.56440317259,6.368286372750033,12.73657275,4.71592414,8.0206486,WIN,TAKE_PROFIT,2026-07-26T11:58:58.315658+00:00,2026-07-26T11:58:58.316211+00:00,1281.67792315
BTCUSDT,LONG,64987.5,64758.09464882866,0.02793478697436118,64758.09464882866,65446.31070234269,6.408389615750033,-6.40838962,3.62441555,-10.03280516,LOSS,STOP_LOSS,2026-07-26T11:58:58.343526+00:00,2026-07-26T11:58:58.343883+00:00,1271.64511799
ETHUSDT,LONG,1880.01,1868.314993302195,0.5436701110349386,1868.314993302195,1903.4000133956101,6.358225589950033,-6.35822559,2.03785227,-8.39607786,LOSS,STOP_LOSS,2026-07-26T11:58:58.376038+00:00,2026-07-26T11:58:58.376379+00:00,1263.24904013
ETHUSDT,LONG,1871.29,1858.3957080663238,0.48984816173998974,1858.3957080663238,1897.0785838673523,6.316245200650033,-6.3162452,1.82697969,-8.14322489,LOSS,STOP_LOSS,2026-07-26T11:58:58.407598+00:00,2026-07-26T11:58:58.408719+00:00,1255.10581524
BTCUSDT,SHORT,64160.0,64500.10086434787,0.01845196450245173,64500.10086434787,63479.79827130426,6.275529076200033,-6.27552908,2.37403161,-8.64956069,LOSS,STOP_LOSS,2026-07-26T11:58:58.435407+00:00,2026-07-26T11:58:58.436677+00:00,1246.45625455
ETHUSDT,LONG,1886.86,1875.8245422245668,0.5647505884734736,1875.8245422245668,1908.930915550866,6.232281272750032,-6.23228127,2.12497831,-8.35725958,LOSS,STOP_LOSS,2026-07-26T11:58:58.465701+00:00,2026-07-26T11:58:58.466106+00:00,1238.09899497
BTCUSDT,LONG,64674.0,64381.88733036648,0.021192148161928534,64381.88733036648,65258.22533926704,6.190494974850033,-6.19049497,2.73497149,-8.92546646,LOSS,STOP_LOSS,2026-07-26T11:58:58.492662+00:00,2026-07-26T11:58:58.493109+00:00,1229.17352851
ETHUSDT,LONG,1884.76,1913.1919165908257,0.4323217270926536,1870.544041704587,1913.1919165908257,6.145867642550033,12.29173529,1.64193713,10.64979815,WIN,TAKE_PROFIT,2026-07-26T11:58:58.519645+00:00,2026-07-26T11:58:58.520448+00:00,1239.82332666
BTCUSDT,LONG,65725.2,65360.846444802824,0.017014014395839515,65360.846444802824,66453.90711039434,6.199116633300032,-6.19911663,2.23029988,-8.42941651,LOSS,STOP_LOSS,2026-07-26T11:58:58.547132+00:00,2026-07-26T11:58:58.547522+00:00,1231.39391015
BTCUSDT,LONG,65325.4,66045.54694722778,0.017099203362456503,64965.32652638611,66045.54694722778,6.1569695507500315,12.3139391,2.24633854,10.06760056,WIN,TAKE_PROFIT,2026-07-26T11:58:58.575243+00:00,2026-07-26T11:58:58.577881+00:00,1241.46151071
BTCUSDT,LONG,66015.4,66477.65133033996,0.02685685100780517,65784.27433483001,66477.65133033996,6.207307553550033,12.41461511,3.55834614,8.85626897,WIN,TAKE_PROFIT,2026-07-26T11:58:58.606230+00:00,2026-07-26T11:58:58.607352+00:00,1250.31777968
ETHUSDT,LONG,1939.67,1930.9337999503007,0.7155958955650416,1930.9337999503007,1957.1424000993989,6.2515888984000325,-6.2515889,2.76978819,-9.02137709,LOSS,STOP_LOSS,2026-07-26T11:58:58.634740+00:00,2026-07-26T11:58:58.635228+00:00,1241.29640259
BTCUSDT,LONG,66335.8,66792.78399657668,0.02716279808239946,66107.30800171167,66792.78399657668,6.206482012950032,12.41296403,3.61614485,8.79681918,WIN,TAKE_PROFIT,2026-07-26T11:58:58.686527+00:00,2026-07-26T11:58:58.686892+00:00,1250.09322177
ETHUSDT,LONG,1940.65,1930.557430888893,0.6193136792069377,1930.557430888893,1960.8351382222143,6.250466108850032,-6.25046611,2.39749172,-8.64795783,LOSS,STOP_LOSS,2026-07-26T11:58:58.715893+00:00,2026-07-26T11:58:58.716167+00:00,1241.44526394
BTCUSDT,LONG,66700.0,66418.72856405267,0.02206845604067086,66418.72856405267,67262.54287189466,6.207226319700032,-6.20722632,2.93772481,-9.14495113,LOSS,STOP_LOSS,2026-07-26T11:58:58.749232+00:00,2026-07-26T11:58:58.749927+00:00,1232.30031281
SOLUSDT,SHORT,77.69,78.07939778389449,15.82315518703464,78.07939778389449,76.911204432211,6.161501564050033,-6.16150156,2.46476335,-8.62626492,LOSS,STOP_LOSS,2026-07-26T11:58:58.776718+00:00,2026-07-26T11:58:58.777482+00:00,1223.67404789
BTCUSDT,LONG,66427.3,66203.2561114092,0.027308802208054834,66203.2561114092,66875.38777718163,6.118370239450033,-6.11837024,3.62198162,-9.74035186,LOSS,STOP_LOSS,2026-07-26T11:58:58.804883+00:00,2026-07-26T11:58:58.805497+00:00,1213.93369603
ETHUSDT,SHORT,1916.89,1923.2578789858117,0.9531695708530309,1923.2578789858117,1904.154242028377,6.069668480150033,-6.06966848,3.66031211,-9.72998059,LOSS,STOP_LOSS,2026-07-26T11:58:58.832713+00:00,2026-07-26T11:58:58.833069+00:00,1204.20371544
BTCUSDT,LONG,66394.0,66225.10734369759,0.03564997264546026,66225.10734369759,66731.78531260481,6.021018577200033,-6.02101858,4.72786755,-10.74888613,LOSS,STOP_LOSS,2026-07-26T11:58:58.863159+00:00,2026-07-26T11:58:58.864101+00:00,1193.45482931
ETHUSDT,LONG,1931.22,1922.7035427813546,0.7006756440325398,1922.7035427813546,1948.252914437291,5.967274146550032,-5.96727415,2.70035036,-8.66762451,LOSS,STOP_LOSS,2026-07-26T11:58:58.895678+00:00,2026-07-26T11:58:58.896395+00:00,1184.7872048
BTCUSDT,SHORT,66044.4,65641.63064503954,0.029416021606616924,66245.78467748023,65641.63064503954,5.9239360240000325,11.84787205,3.87367912,7.97419293,WIN,TAKE_PROFIT,2026-07-26T11:58:58.924594+00:00,2026-07-26T11:58:58.926107+00:00,1192.76139773
BTCUSDT,SHORT,65604.2,65805.20558359944,0.029669857333587832,65805.20558359944,65202.18883280111,5.963806988650033,-5.96380699,3.89889832,-9.8627053,LOSS,STOP_LOSS,2026-07-26T11:58:58.954532+00:00,2026-07-26T11:58:58.955015+00:00,1182.89869243
ETHUSDT,LONG,1936.46,1954.978147587582,0.6387780888101607,1927.200926206209,1954.978147587582,5.914493462150033,11.82898692,2.48576542,9.3432215,WIN,TAKE_PROFIT,2026-07-26T11:58:58.991198+00:00,2026-07-26T11:58:58.991609+00:00,1192.24191393
ETHUSDT,LONG,1940.62,1929.5312578002515,0.5375911408406026,1929.5312578002515,1962.7974843994966,5.961209569650033,-5.96120957,2.08055903,-8.0417686,LOSS,STOP_LOSS,2026-07-26T11:58:59.018865+00:00,2026-07-26T11:58:59.019166+00:00,1184.20014533
BTCUSDT,SHORT,65591.4,65844.57009305991,0.023387441443364135,65844.57009305991,65085.05981388014,5.921000726650033,-5.92100073,3.07395105,-8.99495178,LOSS,STOP_LOSS,2026-07-26T11:58:59.048013+00:00,2026-07-26T11:58:59.048317+00:00,1175.20519355
ETHUSDT,LONG,1926.72,1952.162320732219,0.46190958989907577,1913.9988396338904,1952.162320732219,5.876025967750032,11.75205194,1.79169294,9.96035899,WIN,TAKE_PROFIT,2026-07-26T11:58:59.075903+00:00,2026-07-26T11:58:59.076981+00:00,1185.16555254
ETHUSDT,LONG,1950.55,1936.649614225691,0.4263067125555844,1936.649614225691,1978.3507715486178,5.925827762700033,-5.92582776,1.65713929,-7.58296705,LOSS,STOP_LOSS,2026-07-26T11:58:59.104487+00:00,2026-07-26T11:58:59.104872+00:00,1177.58258549
SOLUSDT,LONG,78.22,77.70942912131959,11.532018713381255,77.70942912131959,79.24114175736082,5.887912927450032,-5.88791293,1.79818109,-7.68609402,LOSS,STOP_LOSS,2026-07-26T11:58:59.134250+00:00,2026-07-26T11:58:59.134807+00:00,1169.89649147
SOLUSDT,LONG,77.94,77.52055531181996,13.945777887260629,77.52055531181996,78.77888937636007,5.849482457350033,-5.84948246,2.16801837,-8.01750083,LOSS,STOP_LOSS,2026-07-26T11:58:59.162184+00:00,2026-07-26T11:58:59.162791+00:00,1161.87899064
ETHUSDT,LONG,1933.31,1923.6946379088834,0.6041784904353418,1923.6946379088834,1952.5407241822331,5.809394953200033,-5.80939495,2.33031924,-8.13971419,LOSS,STOP_LOSS,2026-07-26T11:58:59.189724+00:00,2026-07-26T11:58:59.190367+00:00,1153.73927645
BTCUSDT,SHORT,65603.9,65178.39176274555,0.027114381707259657,65816.65411862721,65178.39176274555,5.768696382250033,11.53739276,3.54608098,7.99131179,WIN,TAKE_PROFIT,2026-07-26T11:58:59.217570+00:00,2026-07-26T11:58:59.219411+00:00,1161.73058824
SOLUSDT,SHORT,76.64,75.85921685222098,14.879042811625958,77.0303915738895,75.85921685222098,5.808652941200034,11.61730588,2.26904238,9.34826351,WIN,TAKE_PROFIT,2026-07-26T11:58:59.247598+00:00,2026-07-26T11:58:59.248079+00:00,1171.07885175
ETHUSDT,SHORT,1889.26,1865.104072752803,0.4847997925171323,1901.3379636235984,1865.104072752803,5.855394258750033,11.71078852,1.82011492,9.89067359,WIN,TAKE_PROFIT,2026-07-26T11:58:59.276106+00:00,2026-07-26T11:58:59.277670+00:00,1180.96952534
BTCUSDT,SHORT,64824.9,65018.03784660272,0.03057322907221943,65018.03784660272,64438.62430679457,5.904847626700033,-5.90484763,3.96971788,-9.87456551,LOSS,STOP_LOSS,2026-07-26T11:58:59.304651+00:00,2026-07-26T11:58:59.305007+00:00,1171.09495983
ETHUSDT,SHORT,1869.48,1878.6759257882823,0.6367466347554931,1878.6759257882823,1851.0881484234353,5.855474799150033,-5.8554748,2.38662567,-8.24210047,LOSS,STOP_LOSS,2026-07-26T11:58:59.332684+00:00,2026-07-26T11:58:59.333025+00:00,1162.85285936
BTCUSDT,LONG,65296.7,65726.23049777688,0.027072649448142982,65081.934751111556,65726.23049777688,5.814264296800034,11.62852859,3.54713787,8.08139073,WIN,TAKE_PROFIT,2026-07-26T11:58:59.360842+00:00,2026-07-26T11:58:59.361831+00:00,1170.93425009
BTCUSDT,LONG,65740.0,65547.81858799327,0.030464295112187338,65547.81858799327,66124.36282401347,5.854671250450034,-5.85467125,3.99959085,-9.8542621,LOSS,STOP_LOSS,2026-07-26T11:58:59.389248+00:00,2026-07-26T11:58:59.389596+00:00,1161.07998799
SOLUSDT,SHORT,75.8,75.07578368678992,16.032226377828177,76.16210815660503,75.07578368678992,5.805399939950035,11.61079988,2.41887472,9.19192516,WIN,TAKE_PROFIT,2026-07-26T11:58:59.416886+00:00,2026-07-26T11:58:59.417820+00:00,1170.27191315
SOLUSDT,SHORT,75.1,74.45213603474264,18.063543828759403,75.42393198262867,74.45213603474264,5.851359565750034,11.70271913,2.70144156,9.00127757,WIN,TAKE_PROFIT,2026-07-26T11:58:59.445885+00:00,2026-07-26T11:58:59.446385+00:00,1179.27319072
SOLUSDT,SHORT,74.46,73.69218147462473,15.358748867691908,74.84390926268762,73.69218147462473,5.896365953600034,11.79273191,2.27543215,9.51729976,WIN,TAKE_PROFIT,2026-07-26T11:58:59.473986+00:00,2026-07-26T11:58:59.474521+00:00,1188.79049048
SOLUSDT,SHORT,73.91,74.35221980958654,13.441171841571963,74.35221980958654,73.0255603808269,5.943952452400034,-5.94395245,1.99281797,-7.93677043,LOSS,STOP_LOSS,2026-07-26T11:58:59.501702+00:00,2026-07-26T11:58:59.506106+00:00,1180.85372005
ETHUSDT,SHORT,1869.25,1873.467996861371,1.3997802260883916,1873.467996861371,1860.814006277258,5.904268600250034,-5.9042686,5.23898264,-11.14325124,LOSS,STOP_LOSS,2026-07-26T11:58:59.535797+00:00,2026-07-26T11:58:59.536081+00:00,1169.71046881
SOLUSDT,LONG,74.49,74.86224789876613,31.422889764781782,74.30387605061692,74.86224789876613,5.848552344050034,11.69710469,4.69307922,7.00402547,WIN,TAKE_PROFIT,2026-07-26T11:58:59.564457+00:00,2026-07-26T11:58:59.564714+00:00,1176.71449428
ETHUSDT,LONG,1881.63,1877.2725239828533,1.35022486601143,1877.2725239828533,1890.3449520342938,5.883572471400035,-5.88357247,5.07536366,-10.95893613,LOSS,STOP_LOSS,2026-07-26T11:58:59.592135+00:00,2026-07-26T11:58:59.592786+00:00,1165.75555815
BTCUSDT,SHORT,64347.6,64444.95458192388,0.05987163290688856,64444.95458192388,64152.89083615224,5.828777790750035,-5.82877779,7.71102055,-13.53979834,LOSS,STOP_LOSS,2026-07-26T11:58:59.620737+00:00,2026-07-26T11:58:59.621263+00:00,1152.21575981
SOLUSDT,LONG,75.12,74.8948560229459,25.588420682759388,74.8948560229459,75.57028795410822,5.7610787990500345,-5.7610788,3.83864324,-9.59972204,LOSS,STOP_LOSS,2026-07-26T11:58:59.649970+00:00,2026-07-26T11:58:59.650603+00:00,1142.61603777
